15100 1 6 4
15101 1 0 3
15102 1 0 6
15103 1 0 3
15104 1 0 3
15105 1 10 6
15106 1 0 2
15107 1 0 6
15108 1 0 6
15109 1 1 5
15110 1 1 6
15111 1 0 2
15112 1 0 6
15113 1 0 2
15114 1 10 2
15115 1 10 2
15116 1 0 6
15117 1 0 5
15118 1 0 5
15119 1 1 6
15120 1 4 5
15121 1 0 2
15122 1 0 5
15123 1 0 5
15124 1 0 5
15125 1 6 10
15126 1 10 10
15127 1 0 10
15128 1 0 9
15129 1 0 5
15130 1 4 5
15131 1 10 2
15132 1 10 10
15133 1 0 5
15134 1 10 10
15135 1 0 6
15136 1 0 2
15137 1 2 6
15138 1 0 3
15139 1 0 3
15140 1 0 6
15141 1 0 3
15142 1 0 3
15143 1 0 3
15144 1 1 6
15145 1 0 3
15146 1 0 3
15147 1 0 2
15148 1 0 2
15149 1 0 9
15150 1 0 2
15151 1 0 2
15152 1 0 2
15153 1 0 2
15154 1 0 2
15155 1 10 2
15156 1 0 2
15157 1 0 1
15158 1 0 10
15159 1 0 10
15160 1 0 0
15161 1 0 0
15162 1 10 6
15163 1 0 0
15164 1 0 1
15165 1 0 1
15166 1 6 1
15167 1 3 6
15168 1 0 0
15169 1 0 5
15170 1 0 0
15171 1 0 0
15172 1 0 0
15173 1 0 0
15174 1 0 0
15175 2 2 3
15176 2 2 3
15177 2 2 3
15178 2 2 3
15179 2 6 5
15180 2 1 3
15181 2 2 5
15182 2 2 3
15183 2 1 9
15184 2 2 3
15185 2 2 3
15186 2 2 2
15187 2 1 5
15188 2 2 2
15189 2 2 2
15190 2 2 2
15191 2 3 6
15192 2 2 2
15193 2 2 2
15194 2 2 2
15195 2 2 2
15196 2 1 1
15197 2 1 10
15198 2 2 1
15199 2 2 1
15200 2 2 2
15201 2 2 1
15202 2 2 4
15203 2 0 10
15204 2 2 1
15205 2 2 1
15206 2 3 8
15207 2 3 0
15208 2 6 9
15209 2 2 0
15210 2 2 0
15211 2 1 5
15212 2 6 9
15213 2 3 5
15214 2 2 0
15215 2 2 5
15216 2 1 9
15217 2 1 5
15218 2 1 9
15219 2 1 9
15220 2 1 9
15221 2 10 2
15222 2 1 9
15223 2 10 2
15224 2 1 9
15225 2 1 8
15226 2 1 8
15227 2 1 8
15228 2 1 8
15229 2 1 8
15230 2 1 2
15231 2 1 8
15232 2 1 9
15233 2 1 8
15234 2 1 8
15235 2 1 8
15236 2 1 7
15237 2 1 8
15238 2 10 0
15239 2 1 7
15240 2 1 7
15241 2 10 0
15242 2 1 0
15243 2 1 4
15244 2 1 7
15245 2 1 7
15246 2 1 7
15247 2 1 6
15248 2 1 6
15249 2 1 6
15250 2 1 6
