2567 1 10 0
2568 1 10 2
2569 1 10 0
2570 1 10 2
2571 1 10 4
2572 1 10 4
2573 1 10 9
2574 1 10 9
2575 1 10 9
2576 1 10 3
2577 1 10 3
2578 1 10 2
2579 1 10 3
2580 1 10 3
2581 1 1 10
2582 1 1 0
2583 1 10 2
2584 1 10 3
2585 1 10 0
2586 1 10 3
2587 1 10 1
2588 1 10 2
2589 1 10 3
2590 1 10 7
2591 1 10 1
2592 1 10 10
2593 1 10 5
2594 1 10 7
2595 1 10 7
2596 1 10 7
2597 1 10 3
2598 1 10 7
2599 1 10 1
2600 1 10 6
2601 1 10 6
2602 1 1 10
2603 1 10 2
2604 1 10 5
2605 1 10 6
2606 1 10 6
2607 1 10 3
2608 1 10 2
2609 1 10 10
2610 1 10 5
2611 1 10 2
2612 1 10 5
2613 1 10 2
2614 1 10 5
2615 1 10 2
2616 1 10 10
2617 1 10 5
2618 1 10 2
2619 1 10 2
2620 1 10 4
2621 1 10 9
2622 1 10 4
2623 1 1 4
2624 1 10 4
2625 1 10 4
2626 1 10 4
2627 1 10 2
2628 1 10 4
2629 1 10 3
2630 1 10 2
2631 1 10 3
2632 1 10 3
2633 1 10 3
2634 1 10 2
2635 1 10 3
2636 1 10 3
2637 1 10 3
2638 1 10 2
2639 1 10 2
2640 1 10 2
2641 1 10 5
2642 1 10 2
2643 1 10 5
2644 1 10 3
2645 1 0 2
2646 1 10 2
2647 1 10 2
2648 1 10 10
2649 1 10 3
2650 1 10 10
2651 1 10 3
2652 1 10 5
2653 1 10 3
2654 1 10 1
2655 1 10 5
2656 2 1 6
2657 2 1 6
2658 2 10 6
2659 2 10 3
2660 2 1 5
2661 2 1 5
2662 2 1 5
2663 2 10 9
2664 2 1 5
2665 2 1 5
2666 2 1 5
2667 2 1 9
2668 2 1 6
2669 2 1 5
2670 2 1 4
2671 2 3 9
2672 2 10 6
2673 2 1 4
2674 2 1 4
2675 2 1 4
2676 2 1 4
2677 2 10 3
2678 2 1 3
2679 2 1 8
2680 2 1 6
2681 2 1 8
2682 2 1 5
2683 2 1 3
2684 2 1 3
2685 2 1 6
2686 2 3 5
2687 2 1 8
2688 2 1 6
2689 2 1 8
2690 2 1 9
2691 2 3 2
2692 2 1 2
2693 2 1 8
2694 2 1 2
2695 2 1 2
2696 2 3 10
2697 2 1 1
2698 2 1 3
2699 2 1 1
2700 2 1 1
2701 2 1 1
2702 2 1 8
2703 2 1 1
2704 2 1 1
2705 2 1 1
2706 2 1 6
2707 2 1 5
2708 2 1 0
2709 2 3 6
2710 2 1 8
2711 2 1 5
2712 2 1 0
2713 2 1 0
2714 2 10 9
2715 2 10 5
2716 2 10 9
2717 2 1 5
2718 2 10 9
2719 2 1 5
2720 2 10 5
2721 2 10 9
2722 2 10 9
2723 2 10 9
2724 2 1 8
2725 2 10 9
2726 2 10 9
2727 2 10 8
2728 2 10 8
2729 2 1 8
2730 2 10 8
2731 2 1 8
2732 2 1 0
2733 2 10 9
2734 2 1 8
2735 2 10 8
2736 2 10 7
2737 2 10 7
2738 2 10 7
2739 2 10 7
