4444 1 9
4445 1 9
4446 1 9
4447 1 9
4448 1 9
4449 1 9
4450 1 9
4451 1 8
4452 1 8
4453 1 8
4454 1 8
4455 1 8
4456 1 8
4457 1 8
4458 1 8
4459 1 8
4460 1 8
4461 1 8
4462 1 7
4463 1 7
4464 1 7
4465 1 7
4466 1 7
4467 1 7
4468 1 7
4469 1 7
4470 1 7
4471 1 7
4472 1 6
4473 1 6
4474 1 6
4475 1 6
4476 1 6
4477 1 6
4478 1 6
4479 1 6
4480 1 6
4481 1 6
4482 1 5
4483 1 5
4484 1 5
4485 1 5
4486 1 5
4487 1 5
4488 1 5
4489 1 5
4490 1 5
4491 1 5
4492 1 4
4493 1 4
4494 1 4
4495 1 4
4496 1 4
4497 1 4
4498 1 4
4499 1 4
4500 1 4
4501 1 4
4502 1 3
4503 1 3
4504 1 3
4505 1 3
4506 1 3
4507 1 3
4508 1 3
4509 1 3
4510 1 3
4511 1 3
4512 1 3
4513 1 2
4514 1 2
4515 1 2
4516 1 2
4517 1 2
4518 1 2
4519 1 2
4520 1 2
4521 1 2
4522 1 2
4523 1 1
4524 1 1
4525 1 1
4526 1 1
4527 1 1
4528 1 1
4529 1 1
4530 1 1
4531 1 1
4532 1 1
4533 2 26
4534 2 26
4535 2 26
4536 2 26
4537 2 26
4538 2 26
4539 2 26
4540 2 26
4541 2 26
4542 2 26
4543 2 26
4544 2 25
4545 2 25
4546 2 25
4547 2 25
4548 2 25
4549 2 25
4550 2 25
4551 2 25
4552 2 25
4553 2 25
4554 2 24
4555 2 24
4556 2 24
4557 2 24
4558 2 24
4559 2 24
4560 2 24
4561 2 24
4562 2 24
4563 2 24
4564 2 23
4565 2 23
4566 2 23
4567 2 23