4444 1635996584.234980
4445 1635996584.340450
4446 1635996584.441519
4447 1635996584.544292
4448 1635996584.650364
4449 1635996584.748231
4450 1635996584.851203
4451 1635996584.953502
4452 1635996585.059796
4453 1635996585.158557
4454 1635996585.261322
4455 1635996585.363900
4456 1635996585.467161
4457 1635996585.571923
4458 1635996585.672761
4459 1635996585.774633
4460 1635996585.877497
4461 1635996585.980296
4462 1635996586.083204
4463 1635996586.188847
4464 1635996586.291684
4465 1635996586.391337
4466 1635996586.493597
4467 1635996586.597346
4468 1635996586.698995
4469 1635996586.802044
4470 1635996586.904367
4471 1635996587.007213
4472 1635996587.109866
4473 1635996587.213162
4474 1635996587.315202
4475 1635996587.421057
4476 1635996587.524361
4477 1635996587.625212
4478 1635996587.725991
4479 1635996587.828475
4480 1635996587.931530
4481 1635996588.035028
4482 1635996588.140840
4483 1635996588.242981
4484 1635996588.346752
4485 1635996588.447815
4486 1635996588.550871
4487 1635996588.653174
4488 1635996588.753148
4489 1635996588.855667
4490 1635996588.958500
4491 1635996589.061057
4492 1635996589.168004
4493 1635996589.266239
4494 1635996589.370237
4495 1635996589.472895
4496 1635996589.575277
4497 1635996589.677059
4498 1635996589.779499
4499 1635996589.882678
4500 1635996589.985206
4501 1635996590.088563
4502 1635996590.190908
4503 1635996590.293514
4504 1635996590.395896
4505 1635996590.498876
4506 1635996590.601271
4507 1635996590.703846
4508 1635996590.806562
4509 1635996590.909178
4510 1635996591.012046
4511 1635996591.114778
4512 1635996591.217262
4513 1635996591.320131
4514 1635996591.422944
4515 1635996591.525525
4516 1635996591.628145
4517 1635996591.730613
4518 1635996591.836200
4519 1635996591.938371
4520 1635996592.039500
4521 1635996592.144881
4522 1635996592.246830
4523 1635996592.348724
4524 1635996592.454319
4525 1635996592.557248
4526 1635996592.655035
4527 1635996592.757760
4528 1635996592.860402
4529 1635996592.966352
4530 1635996593.065775
4531 1635996593.169176
4532 1635996593.274640
4533 1635996593.374198
4534 1635996593.477251
4535 1635996593.578978
4536 1635996593.682430
4537 1635996593.785306
4538 1635996593.887751
4539 1635996593.989898
4540 1635996594.093291
4541 1635996594.195965
4542 1635996594.298108
4543 1635996594.404236
4544 1635996594.506864
4545 1635996594.605893
4546 1635996594.708591
4547 1635996594.814349
4548 1635996594.918714
4549 1635996595.020064
4550 1635996595.119619
4551 1635996595.225106
4552 1635996595.325187
4553 1635996595.427653
4554 1635996595.530288
4555 1635996595.633027
4556 1635996595.736030
4557 1635996595.838297
4558 1635996595.943919
4559 1635996596.047012
4560 1635996596.150790
4561 1635996596.248835
4562 1635996596.356066
4563 1635996596.457897
4564 1635996596.560344
4565 1635996596.659586
4566 1635996596.762519
4567 1635996596.865161