-2.000 0.000 0.000 0.000 0.000 0.000 0.000 
-1.990 0.000 0.000 0.000 0.000 0.000 0.000 
-1.980 0.000 0.000 0.000 0.000 0.000 0.000 
-1.970 0.000 0.000 0.000 0.000 0.000 0.000 
-1.960 0.000 0.000 0.000 0.000 0.000 0.000 
-1.950 0.000 0.000 0.000 0.000 0.000 0.000 
-1.940 0.000 0.000 0.000 0.000 0.000 0.000 
-1.930 0.000 0.000 0.000 0.000 0.000 0.000 
-1.920 0.000 0.000 0.000 0.000 0.000 0.000 
-1.910 0.000 0.000 0.000 0.000 0.000 0.000 
-1.900 0.000 0.000 0.000 0.000 0.000 0.000 
-1.890 0.000 0.000 0.000 0.000 0.000 0.000 
-1.880 0.000 0.000 0.000 0.000 0.000 0.000 
-1.870 0.000 0.000 0.000 0.000 0.000 0.000 
-1.860 0.000 0.000 0.000 0.000 0.000 0.000 
-1.850 0.000 0.000 0.000 0.000 0.000 0.000 
-1.840 0.000 0.000 0.000 0.000 0.000 0.000 
-1.830 0.000 0.000 0.000 0.000 0.000 0.000 
-1.820 0.000 0.000 0.000 0.000 0.000 0.000 
-1.810 0.000 0.000 0.000 0.000 0.000 0.000 
-1.800 0.000 0.000 0.000 0.000 0.000 0.000 
-1.790 0.000 0.000 0.000 0.000 0.000 0.000 
-1.780 0.000 0.000 0.000 0.000 0.000 0.000 
-1.770 0.000 0.000 0.000 0.000 0.000 0.000 
-1.760 0.000 0.000 0.000 0.000 0.000 0.000 
-1.750 0.000 0.000 0.000 0.000 0.000 0.000 
-1.740 0.000 0.000 0.000 0.000 0.000 0.000 
-1.730 0.000 0.000 0.000 0.000 0.000 0.000 
-1.720 0.000 0.000 0.000 0.000 0.000 0.000 
-1.710 0.000 0.000 0.000 0.000 0.000 0.000 
-1.700 0.000 0.000 0.000 0.000 0.000 0.000 
-1.690 0.000 0.000 0.000 0.000 0.000 0.000 
-1.680 0.000 0.000 0.000 0.000 0.000 0.000 
-1.670 0.000 0.000 0.000 0.000 0.000 0.000 
-1.660 0.000 0.000 0.000 0.000 0.000 0.000 
-1.650 0.000 0.000 0.000 0.000 0.000 0.000 
-1.640 0.000 0.000 0.000 0.000 0.000 0.000 
-1.630 0.000 0.000 0.000 0.000 0.000 0.000 
-1.620 0.000 0.000 0.000 0.000 0.000 0.000 
-1.610 0.000 0.000 0.000 0.000 0.000 0.000 
-1.600 0.000 0.000 0.000 0.000 0.000 0.000 
-1.590 0.000 0.000 0.000 0.000 0.000 0.000 
-1.580 0.000 0.000 0.000 0.000 0.000 0.000 
-1.570 0.000 0.000 0.000 0.000 0.000 0.000 
-1.560 0.000 0.000 0.000 0.000 0.000 0.000 
-1.550 0.000 0.000 0.000 0.000 0.000 0.000 
-1.540 0.000 0.000 0.000 0.000 0.000 0.000 
-1.530 0.000 0.000 0.000 0.000 0.000 0.000 
-1.520 0.000 0.000 0.000 0.000 0.000 0.000 
-1.510 0.000 0.000 0.000 0.000 0.000 0.000 
-1.500 0.000 0.000 0.000 0.000 0.000 0.000 
-1.490 0.000 0.000 0.000 0.000 0.000 0.000 
-1.480 0.000 0.000 0.000 0.000 0.000 0.000 
-1.470 0.000 0.000 0.000 0.000 0.000 0.000 
-1.460 0.000 0.000 0.000 0.000 0.000 0.000 
-1.450 0.000 0.000 0.000 0.000 0.000 0.000 
-1.440 0.000 0.000 0.000 0.000 0.000 0.000 
-1.430 0.000 0.000 0.000 0.000 0.000 0.000 
-1.420 0.000 0.000 0.000 0.000 0.000 0.000 
-1.410 0.000 0.000 0.000 0.000 0.000 0.000 
-1.400 0.000 0.000 0.000 0.000 0.000 0.000 
-1.390 0.000 0.000 0.000 0.000 0.000 0.000 
-1.380 0.000 0.000 0.000 0.000 0.000 0.000 
-1.370 0.000 0.000 0.000 0.000 0.000 0.000 
-1.360 0.000 0.000 0.000 0.000 0.000 0.000 
-1.350 0.000 0.000 0.000 0.000 0.000 0.000 
-1.340 0.000 0.000 0.000 0.000 0.000 0.000 
-1.330 0.000 0.000 0.000 0.000 0.000 0.000 
-1.320 0.000 0.000 0.000 0.000 0.000 0.000 
-1.310 0.000 0.000 0.000 0.000 0.000 0.000 
-1.300 0.000 0.000 0.000 0.000 0.000 0.000 
-1.290 0.000 0.000 0.000 0.000 0.000 0.000 
-1.280 0.000 0.000 0.000 0.000 0.000 0.000 
-1.270 0.000 0.000 0.000 0.000 0.000 0.000 
-1.260 0.000 0.000 0.000 0.000 0.000 0.000 
-1.250 0.000 0.000 0.000 0.000 0.000 0.000 
-1.240 0.000 0.000 0.000 0.000 0.000 0.000 
-1.230 0.000 0.000 0.000 0.000 0.000 0.000 
-1.220 0.000 0.000 0.000 0.000 0.000 0.000 
-1.210 0.000 0.000 0.000 0.000 0.000 0.000 
-1.200 0.000 0.000 0.000 0.000 0.000 0.000 
-1.190 0.000 0.000 0.000 0.000 0.000 0.000 
-1.180 0.000 0.000 0.000 0.000 0.000 0.000 
-1.170 0.000 0.000 0.000 0.000 0.000 0.000 
-1.160 0.000 0.000 0.000 0.000 0.000 0.000 
-1.150 0.000 0.000 0.000 0.000 0.000 0.000 
-1.140 0.000 0.000 0.000 0.000 0.000 0.000 
-1.130 0.000 0.000 0.000 0.000 0.000 0.000 
-1.120 0.000 0.000 0.000 0.000 0.000 0.000 
-1.110 0.000 0.000 0.000 0.000 0.000 0.000 
-1.100 0.000 0.000 0.000 0.000 0.000 0.000 
-1.090 0.000 0.000 0.000 0.000 0.000 0.000 
-1.080 0.000 0.000 0.000 0.000 0.000 0.000 
-1.070 0.000 0.000 0.000 0.000 0.000 0.000 
-1.060 0.000 0.000 0.000 0.000 0.000 0.000 
-1.050 0.000 0.000 0.000 0.000 0.000 0.000 
-1.040 0.000 0.000 0.000 0.000 0.000 0.000 
-1.030 0.000 0.000 0.000 0.000 0.000 0.000 
-1.020 0.000 0.000 0.000 0.000 0.000 0.000 
-1.010 0.000 0.000 0.000 0.000 0.000 0.000 
-1.000 0.000 0.000 0.000 0.000 0.000 0.000 
-0.990 0.000 0.000 0.000 0.000 0.000 0.000 
-0.980 0.000 0.000 0.000 0.000 0.000 0.000 
-0.970 0.000 0.000 0.000 0.000 0.000 0.000 
-0.960 0.000 0.000 0.000 0.000 0.000 0.000 
-0.950 0.000 0.000 0.000 0.000 0.000 0.000 
-0.940 0.000 0.000 0.000 0.000 0.000 0.000 
-0.930 0.000 0.000 0.000 0.000 0.000 0.000 
-0.920 0.000 0.000 0.000 0.000 0.000 0.000 
-0.910 0.000 0.000 0.000 0.000 0.000 0.000 
-0.900 0.000 0.000 0.000 0.000 0.000 0.000 
-0.890 0.000 0.000 0.000 0.000 0.000 0.000 
-0.880 0.000 0.000 0.000 0.000 0.000 0.000 
-0.870 0.000 0.000 0.000 0.000 0.000 0.000 
-0.860 0.000 0.000 0.000 0.000 0.000 0.000 
-0.850 0.000 0.000 0.000 0.000 0.000 0.000 
-0.840 0.000 0.000 0.000 0.000 0.000 0.000 
-0.830 0.000 0.000 0.000 0.000 0.000 0.000 
-0.820 0.000 0.000 0.000 0.000 0.000 0.000 
-0.810 0.000 0.000 0.000 0.000 0.000 0.000 
-0.800 0.000 0.000 0.000 0.000 0.000 0.000 
-0.790 0.000 0.000 0.000 0.000 0.000 0.000 
-0.780 0.000 0.000 0.000 0.000 0.000 0.000 
-0.770 0.000 0.000 0.000 0.000 0.000 0.000 
-0.760 0.000 0.000 0.000 0.000 0.000 0.000 
-0.750 0.000 0.000 0.000 0.000 0.000 0.000 
-0.740 0.000 0.000 0.000 0.000 0.000 0.000 
-0.730 0.000 0.000 0.000 0.000 0.000 0.000 
-0.720 0.000 0.000 0.000 0.000 0.000 0.000 
-0.710 0.000 0.000 0.000 0.000 0.000 0.000 
-0.700 0.000 0.000 0.000 0.000 0.000 0.000 
-0.690 0.000 0.000 0.000 0.000 0.000 0.000 
-0.680 0.000 0.000 0.000 0.000 0.000 0.000 
-0.670 0.000 0.000 0.000 0.000 0.000 0.000 
-0.660 0.000 0.000 0.000 0.000 0.000 0.000 
-0.650 0.000 0.000 0.000 0.000 0.000 0.000 
-0.640 0.000 0.000 0.000 0.000 0.000 0.000 
-0.630 0.000 0.000 0.000 0.000 0.000 0.000 
-0.620 0.000 0.000 0.000 0.000 0.000 0.000 
-0.610 0.000 0.000 0.000 0.000 0.000 0.000 
-0.600 0.000 0.000 0.000 0.000 0.000 0.000 
-0.590 0.000 0.000 0.000 0.000 0.000 0.000 
-0.580 0.000 0.000 0.000 0.000 0.000 0.000 
-0.570 0.000 0.000 0.000 0.000 0.000 0.000 
-0.560 0.000 0.000 0.000 0.000 0.000 0.000 
-0.550 0.000 0.000 0.000 0.000 0.000 0.000 
-0.540 0.000 0.000 0.000 0.000 0.000 0.000 
-0.530 0.000 0.000 0.000 0.000 0.000 0.000 
-0.520 0.000 0.000 0.000 0.000 0.000 0.000 
-0.510 0.000 0.000 0.000 0.000 0.000 0.000 
-0.500 0.000 0.000 0.000 0.000 0.000 0.000 
-0.490 0.000 0.000 0.000 0.000 0.000 0.000 
-0.480 0.000 0.000 0.000 0.000 0.000 0.000 
-0.470 0.000 0.000 0.000 0.000 0.000 0.000 
-0.460 0.000 0.000 0.000 0.000 0.000 0.000 
-0.450 0.000 0.000 0.000 0.000 0.000 0.000 
-0.440 0.000 0.000 0.000 0.000 0.000 0.000 
-0.430 0.000 0.000 0.000 0.000 0.000 0.000 
-0.420 0.000 0.000 0.000 0.000 0.000 0.000 
-0.410 0.000 0.000 0.000 0.000 0.000 0.000 
-0.400 0.000 0.000 0.000 0.000 0.000 0.000 
-0.390 0.000 0.000 0.000 0.000 0.000 0.000 
-0.380 0.000 0.000 0.000 0.000 0.000 0.000 
-0.370 0.000 0.000 0.000 0.000 0.000 0.000 
-0.360 0.000 0.000 0.000 0.000 0.000 0.000 
-0.350 0.000 0.000 0.000 0.000 0.000 0.000 
-0.340 0.000 0.000 0.000 0.000 0.000 0.000 
-0.330 0.000 0.000 0.000 0.000 0.000 0.000 
-0.320 0.000 0.000 0.000 0.000 0.000 0.000 
-0.310 0.000 0.000 0.000 0.000 0.000 0.000 
-0.300 0.000 0.000 0.000 0.000 0.000 0.000 
-0.290 0.000 0.000 0.000 0.000 0.000 0.000 
-0.280 0.000 0.000 0.000 0.000 0.000 0.000 
-0.270 0.000 0.000 0.000 0.000 0.000 0.000 
-0.260 0.000 0.000 0.000 0.000 0.000 0.000 
-0.250 0.000 0.000 0.000 0.000 0.000 0.000 
-0.240 0.000 0.000 0.000 0.000 0.000 0.000 
-0.230 0.000 0.000 0.000 0.000 0.000 0.000 
-0.220 0.000 0.000 0.000 0.000 0.000 0.000 
-0.210 0.000 0.000 0.000 0.000 0.000 0.000 
-0.200 0.000 0.000 0.000 0.000 0.000 0.000 
-0.190 0.000 0.000 0.000 0.000 0.000 0.000 
-0.180 0.000 0.000 0.000 0.000 0.000 0.000 
-0.170 0.000 0.000 0.000 0.000 0.000 0.000 
-0.160 0.000 0.000 0.000 0.000 0.000 0.000 
-0.150 0.000 0.000 0.000 0.000 0.000 0.000 
-0.140 0.000 0.000 0.000 0.000 0.000 0.000 
-0.130 0.000 0.000 0.000 0.000 0.000 0.000 
-0.120 0.000 0.000 0.000 0.000 0.000 0.000 
-0.110 0.000 0.000 0.000 0.000 0.000 0.000 
-0.100 0.091 0.000 0.000 0.000 0.000 0.000 
-0.090 0.182 0.000 0.000 0.000 0.000 0.000 
-0.080 0.273 0.000 0.000 0.000 0.000 0.000 
-0.070 0.364 0.000 0.000 0.000 0.000 0.000 
-0.060 0.455 0.000 0.000 0.000 0.000 0.000 
-0.050 0.545 0.000 0.000 0.000 0.000 0.000 
-0.040 0.636 0.000 0.000 0.000 0.000 0.000 
-0.030 0.727 0.000 0.000 0.000 0.000 0.000 
-0.020 0.818 0.000 0.000 0.000 0.000 0.000 
-0.010 0.909 0.000 0.000 0.000 0.000 0.000 
0.000 1.000 0.000 0.000 0.000 0.000 0.000 
0.010 1.000 0.000 0.000 0.000 0.000 0.000 
0.020 1.000 0.000 0.000 0.000 0.000 0.000 
0.030 1.000 0.000 0.000 0.000 0.000 0.000 
0.040 1.000 0.000 0.000 0.000 0.000 0.000 
0.050 1.000 0.000 0.000 0.000 0.000 0.000 
0.060 1.000 0.000 0.000 0.000 0.000 0.000 
0.070 1.000 0.000 0.000 0.000 0.000 0.000 
0.080 1.000 0.000 0.000 0.000 0.000 0.000 
0.090 1.000 0.000 0.000 0.000 0.000 0.000 
0.100 1.000 0.000 0.000 0.000 0.000 0.000 
0.110 1.000 0.000 0.000 0.000 0.000 0.000 
0.120 1.000 0.000 0.000 0.000 0.000 0.000 
0.130 1.000 0.000 0.000 0.000 0.000 0.000 
0.140 1.000 0.000 0.000 0.000 0.000 0.000 
0.150 1.000 0.000 0.000 0.000 0.000 0.000 
0.160 1.000 0.000 0.000 0.000 0.000 0.000 
0.170 1.000 0.000 0.000 0.000 0.000 0.000 
0.180 1.000 0.000 0.000 0.000 0.000 0.000 
0.190 1.000 0.000 0.000 0.000 0.000 0.000 
0.200 1.000 0.000 0.000 0.000 0.000 0.000 
0.210 1.000 0.000 0.000 0.000 0.000 0.000 
0.220 1.000 0.000 0.000 0.000 0.000 0.000 
0.230 1.000 0.000 0.000 0.000 0.000 0.000 
0.240 1.000 0.000 0.000 0.000 0.000 0.000 
0.250 1.000 0.000 0.000 0.000 0.000 0.000 
0.260 1.000 0.000 0.000 0.000 0.000 0.000 
0.270 1.000 0.000 0.000 0.000 0.000 0.000 
0.280 1.000 0.000 0.000 0.000 0.000 0.000 
0.290 1.000 0.000 0.000 0.000 0.000 0.000 
0.300 1.000 0.000 0.000 0.000 0.000 0.000 
0.310 1.000 0.000 0.000 0.000 0.000 0.000 
0.320 1.000 0.000 0.000 0.000 0.000 0.000 
0.330 1.000 0.000 0.000 0.000 0.000 0.000 
0.340 1.000 0.000 0.000 0.000 0.000 0.000 
0.350 1.000 0.000 0.000 0.000 0.000 0.000 
0.360 1.000 0.000 0.000 0.000 0.000 0.000 
0.370 1.000 0.000 0.000 0.000 0.000 0.000 
0.380 1.000 0.000 0.000 0.000 0.000 0.000 
0.390 1.000 0.000 0.000 0.000 0.000 0.000 
0.400 1.000 0.000 0.000 0.000 0.000 0.000 
0.410 1.000 0.000 0.000 0.000 0.000 0.000 
0.420 1.000 0.000 0.000 0.000 0.000 0.000 
0.430 1.000 0.000 0.000 0.000 0.000 0.000 
0.440 1.000 0.000 0.000 0.000 0.000 0.000 
0.450 1.000 0.000 0.000 0.000 0.000 0.000 
0.460 1.000 0.000 0.000 0.000 0.000 0.000 
0.470 1.000 0.000 0.000 0.000 0.000 0.000 
0.480 1.000 0.000 0.000 0.000 0.000 0.000 
0.490 1.000 0.000 0.000 0.000 0.000 0.000 
0.500 1.000 0.000 0.000 0.000 0.000 0.000 
0.510 1.000 0.000 0.000 0.000 0.000 0.000 
0.520 1.000 0.000 0.000 0.000 0.000 0.000 
0.530 1.000 0.000 0.000 0.000 0.000 0.000 
0.540 1.000 0.000 0.000 0.000 0.000 0.000 
0.550 1.000 0.000 0.000 0.000 0.000 0.000 
0.560 1.000 0.000 0.000 0.000 0.000 0.000 
0.570 1.000 0.000 0.000 0.000 0.000 0.000 
0.580 1.000 0.000 0.000 0.000 0.000 0.000 
0.590 1.000 0.000 0.000 0.000 0.000 0.000 
0.600 1.000 0.000 0.000 0.000 0.000 0.000 
0.610 1.000 0.001 0.000 0.000 0.000 0.000 
0.620 1.000 0.001 0.000 0.000 0.000 0.000 
0.630 1.000 0.001 0.000 0.000 0.000 0.000 
0.640 1.000 0.002 0.000 0.000 0.000 0.000 
0.650 1.000 0.002 0.000 0.000 0.000 0.000 
0.660 1.000 0.003 0.000 0.000 0.000 0.000 
0.670 1.000 0.004 0.000 0.000 0.000 0.000 
0.680 1.000 0.005 0.000 0.000 0.000 0.000 
0.690 1.000 0.007 0.000 0.000 0.000 0.000 
0.700 1.000 0.009 0.000 0.000 0.000 0.000 
0.710 1.000 0.011 0.000 0.000 0.000 0.000 
0.720 1.000 0.014 0.000 0.000 0.000 0.000 
0.730 1.000 0.018 0.000 0.000 0.000 0.000 
0.740 1.000 0.023 0.000 0.000 0.000 0.000 
0.750 1.000 0.028 0.000 0.000 0.000 0.000 
0.760 1.000 0.035 0.000 0.000 0.000 0.000 
0.770 1.000 0.043 0.000 0.000 0.000 0.000 
0.780 1.000 0.053 0.000 0.000 0.000 0.000 
0.790 1.000 0.064 0.000 0.000 0.000 0.000 
0.800 1.000 0.076 0.000 0.000 0.000 0.000 
0.810 1.000 0.091 0.000 0.000 0.000 0.000 
0.820 1.000 0.108 0.000 0.000 0.000 0.000 
0.830 1.000 0.126 0.000 0.000 0.000 0.000 
0.840 1.000 0.147 0.000 0.000 0.000 0.000 
0.850 1.000 0.170 0.000 0.000 0.000 0.000 
0.860 1.000 0.196 0.000 0.000 0.000 0.000 
0.870 1.000 0.223 0.000 0.000 0.000 0.000 
0.880 1.000 0.252 0.000 0.000 0.000 0.000 
0.890 1.000 0.284 0.000 0.000 0.000 0.000 
0.900 1.000 0.317 0.000 0.000 0.000 0.000 
0.910 1.000 0.352 0.000 0.000 0.000 0.000 
0.920 1.000 0.388 0.000 0.000 0.000 0.000 
0.930 1.000 0.424 0.000 0.000 0.000 0.000 
0.940 1.000 0.462 0.000 0.000 0.000 0.000 
0.950 1.000 0.500 0.000 0.000 0.000 0.000 
0.960 1.000 0.538 0.000 0.000 0.000 0.000 
0.970 1.000 0.576 0.000 0.000 0.000 0.000 
0.980 1.000 0.612 0.000 0.000 0.000 0.000 
0.990 1.000 0.648 0.000 0.000 0.000 0.000 
1.000 1.000 0.683 0.000 0.000 0.000 0.000 
1.010 1.000 0.716 0.000 0.000 0.000 0.000 
1.020 1.000 0.748 0.000 0.000 0.000 0.000 
1.030 1.000 0.777 0.000 0.000 0.000 0.000 
1.040 1.000 0.804 0.000 0.000 0.000 0.000 
1.050 1.000 0.830 0.000 0.000 0.000 0.000 
1.060 1.000 0.853 0.000 0.000 0.000 0.000 
1.070 1.000 0.874 0.000 0.000 0.000 0.000 
1.080 1.000 0.892 0.000 0.000 0.000 0.000 
1.090 1.000 0.909 0.000 0.000 0.000 0.000 
1.100 1.000 0.924 0.000 0.000 0.000 0.000 
1.110 1.000 0.936 0.000 0.000 0.000 0.000 
1.120 1.000 0.947 0.000 0.000 0.000 0.000 
1.130 1.000 0.957 0.000 0.000 0.000 0.000 
1.140 1.000 0.965 0.000 0.000 0.000 0.000 
1.150 1.000 0.972 0.000 0.000 0.000 0.000 
1.160 1.000 0.977 0.000 0.000 0.000 0.000 
1.170 1.000 0.982 0.000 0.000 0.000 0.000 
1.180 1.000 0.986 0.000 0.000 0.000 0.000 
1.190 1.000 0.989 0.000 0.000 0.000 0.000 
1.200 1.000 0.991 0.000 0.000 0.000 0.000 
1.210 1.000 0.993 0.000 0.000 0.000 0.000 
1.220 1.000 0.995 0.000 0.000 0.000 0.000 
1.230 1.000 0.996 0.000 0.000 0.000 0.000 
1.240 1.000 0.997 0.000 0.000 0.000 0.000 
1.250 1.000 0.998 0.000 0.000 0.000 0.000 
1.260 1.000 0.998 0.000 0.000 0.000 0.000 
1.270 1.000 0.999 0.000 0.000 0.000 0.000 
1.280 1.000 0.999 0.000 0.000 0.000 0.000 
1.290 1.000 0.999 0.000 0.000 0.000 0.000 
1.300 1.000 1.000 0.000 0.000 0.000 0.000 
1.310 1.000 1.000 0.000 0.000 0.000 0.000 
1.320 1.000 1.000 0.000 0.000 0.000 0.000 
1.330 1.000 1.000 0.000 0.000 0.000 0.000 
1.340 1.000 1.000 0.000 0.000 0.000 0.000 
1.350 1.000 1.000 0.000 0.000 0.000 0.000 
1.360 1.000 1.000 0.000 0.000 0.000 0.000 
1.370 1.000 1.000 0.000 0.000 0.000 0.000 
1.380 1.000 1.000 0.000 0.000 0.000 0.000 
1.390 1.000 1.000 0.000 0.000 0.000 0.000 
1.400 1.000 1.000 0.000 0.000 0.000 0.000 
1.410 1.000 1.000 0.000 0.000 0.000 0.000 
1.420 1.000 1.000 0.000 0.000 0.000 0.000 
1.430 1.000 1.000 0.000 0.000 0.000 0.000 
1.440 1.000 1.000 0.000 0.000 0.000 0.000 
1.450 1.000 1.000 0.000 0.000 0.000 0.000 
1.460 1.000 1.000 0.000 0.000 0.000 0.000 
1.470 1.000 1.000 0.000 0.000 0.000 0.000 
1.480 1.000 1.000 0.001 0.000 0.000 0.000 
1.490 1.000 1.000 0.001 0.000 0.000 0.000 
1.500 1.000 1.000 0.001 0.000 0.000 0.000 
1.510 1.000 1.000 0.001 0.000 0.000 0.000 
1.520 1.000 1.000 0.001 0.000 0.000 0.000 
1.530 1.000 1.000 0.002 0.000 0.000 0.000 
1.540 1.000 1.000 0.002 0.000 0.000 0.000 
1.550 1.000 1.000 0.003 0.000 0.000 0.000 
1.560 1.000 1.000 0.004 0.000 0.000 0.000 
1.570 1.000 1.000 0.004 0.000 0.000 0.000 
1.580 1.000 1.000 0.005 0.000 0.000 0.000 
1.590 1.000 1.000 0.006 0.000 0.000 0.000 
1.600 1.000 1.000 0.008 0.000 0.000 0.000 
1.610 1.000 1.000 0.009 0.000 0.000 0.000 
1.620 1.000 1.000 0.011 0.000 0.000 0.000 
1.630 1.000 1.000 0.014 0.000 0.000 0.000 
1.640 1.000 1.000 0.016 0.000 0.000 0.000 
1.650 1.000 1.000 0.019 0.000 0.000 0.000 
1.660 1.000 1.000 0.023 0.000 0.000 0.000 
1.670 1.000 1.000 0.027 0.000 0.000 0.000 
1.680 1.000 1.000 0.031 0.000 0.000 0.000 
1.690 1.000 1.000 0.036 0.000 0.000 0.000 
1.700 1.000 1.000 0.042 0.000 0.000 0.000 
1.710 1.000 1.000 0.049 0.000 0.000 0.000 
1.720 1.000 1.000 0.056 0.000 0.000 0.000 
1.730 1.000 1.000 0.065 0.000 0.000 0.000 
1.740 1.000 1.000 0.074 0.000 0.000 0.000 
1.750 1.000 1.000 0.084 0.000 0.000 0.000 
1.760 1.000 1.000 0.095 0.000 0.000 0.000 
1.770 1.000 1.000 0.107 0.000 0.000 0.000 
1.780 1.000 1.000 0.120 0.000 0.000 0.000 
1.790 1.000 1.000 0.135 0.000 0.000 0.000 
1.800 1.000 1.000 0.150 0.000 0.000 0.000 
1.810 1.000 1.000 0.167 0.000 0.000 0.000 
1.820 1.000 1.000 0.185 0.000 0.000 0.000 
1.830 1.000 1.000 0.204 0.000 0.000 0.000 
1.840 1.000 1.000 0.224 0.000 0.000 0.000 
1.850 1.000 1.000 0.245 0.000 0.000 0.000 
1.860 1.000 1.000 0.267 0.000 0.000 0.000 
1.870 1.000 1.000 0.291 0.000 0.000 0.000 
1.880 1.000 1.000 0.315 0.000 0.000 0.000 
1.890 1.000 1.000 0.339 0.000 0.000 0.000 
1.900 1.000 1.000 0.365 0.000 0.000 0.000 
1.910 1.000 1.000 0.391 0.000 0.000 0.000 
1.920 1.000 1.000 0.418 0.000 0.000 0.000 
1.930 1.000 1.000 0.445 0.000 0.000 0.000 
1.940 1.000 1.000 0.473 0.000 0.000 0.000 
1.950 1.000 1.000 0.500 0.000 0.000 0.000 
1.960 1.000 1.000 0.527 0.000 0.000 0.000 
1.970 1.000 1.000 0.555 0.000 0.000 0.000 
1.980 1.000 1.000 0.582 0.000 0.000 0.000 
1.990 1.000 1.000 0.609 0.000 0.000 0.000 
2.000 1.000 1.000 0.635 0.000 0.000 0.000 
2.010 1.000 1.000 0.661 0.000 0.000 0.000 
2.020 1.000 1.000 0.685 0.000 0.000 0.000 
2.030 1.000 1.000 0.709 0.000 0.000 0.000 
2.040 1.000 1.000 0.733 0.000 0.000 0.000 
2.050 1.000 1.000 0.755 0.000 0.000 0.000 
2.060 1.000 1.000 0.776 0.000 0.000 0.000 
2.070 1.000 1.000 0.796 0.000 0.000 0.000 
2.080 1.000 1.000 0.815 0.000 0.000 0.000 
2.090 1.000 1.000 0.833 0.000 0.000 0.000 
2.100 1.000 1.000 0.850 0.000 0.000 0.000 
2.110 1.000 1.000 0.865 0.000 0.000 0.000 
2.120 1.000 1.000 0.880 0.000 0.000 0.000 
2.130 1.000 1.000 0.893 0.000 0.000 0.000 
2.140 1.000 1.000 0.905 0.000 0.000 0.000 
2.150 1.000 1.000 0.916 0.000 0.000 0.000 
2.160 1.000 1.000 0.926 0.000 0.000 0.000 
2.170 1.000 1.000 0.935 0.000 0.000 0.000 
2.180 1.000 1.000 0.944 0.000 0.000 0.000 
2.190 1.000 1.000 0.951 0.000 0.000 0.000 
2.200 1.000 1.000 0.958 0.000 0.000 0.000 
2.210 1.000 1.000 0.964 0.000 0.000 0.000 
2.220 1.000 1.000 0.969 0.000 0.000 0.000 
2.230 1.000 1.000 0.973 0.000 0.000 0.000 
2.240 1.000 1.000 0.977 0.000 0.000 0.000 
2.250 1.000 1.000 0.981 0.000 0.000 0.000 
2.260 1.000 1.000 0.984 0.000 0.000 0.000 
2.270 1.000 1.000 0.986 0.000 0.000 0.000 
2.280 1.000 1.000 0.989 0.000 0.000 0.000 
2.290 1.000 1.000 0.991 0.000 0.000 0.000 
2.300 1.000 1.000 0.992 0.000 0.000 0.000 
2.310 1.000 1.000 0.994 0.000 0.000 0.000 
2.320 1.000 1.000 0.995 0.000 0.000 0.000 
2.330 1.000 1.000 0.996 0.000 0.000 0.000 
2.340 1.000 1.000 0.996 0.000 0.000 0.000 
2.350 1.000 1.000 0.997 0.000 0.000 0.000 
2.360 1.000 1.000 0.998 0.000 0.000 0.000 
2.370 1.000 1.000 0.998 0.000 0.000 0.000 
2.380 1.000 1.000 0.999 0.001 0.000 0.000 
2.390 1.000 1.000 0.999 0.001 0.000 0.000 
2.400 1.000 1.000 0.999 0.001 0.000 0.000 
2.410 1.000 1.000 0.999 0.001 0.000 0.000 
2.420 1.000 1.000 0.999 0.001 0.000 0.000 
2.430 1.000 1.000 1.000 0.002 0.000 0.000 
2.440 1.000 1.000 1.000 0.002 0.000 0.000 
2.450 1.000 1.000 1.000 0.002 0.000 0.000 
2.460 1.000 1.000 1.000 0.003 0.000 0.000 
2.470 1.000 1.000 1.000 0.003 0.000 0.000 
2.480 1.000 1.000 1.000 0.004 0.000 0.000 
2.490 1.000 1.000 1.000 0.004 0.000 0.000 
2.500 1.000 1.000 1.000 0.005 0.000 0.000 
2.510 1.000 1.000 1.000 0.006 0.000 0.000 
2.520 1.000 1.000 1.000 0.007 0.000 0.000 
2.530 1.000 1.000 1.000 0.009 0.000 0.000 
2.540 1.000 1.000 1.000 0.010 0.000 0.000 
2.550 1.000 1.000 1.000 0.012 0.000 0.000 
2.560 1.000 1.000 1.000 0.013 0.000 0.000 
2.570 1.000 1.000 1.000 0.015 0.000 0.000 
2.580 1.000 1.000 1.000 0.018 0.000 0.000 
2.590 1.000 1.000 1.000 0.020 0.000 0.000 
2.600 1.000 1.000 1.000 0.023 0.000 0.000 
2.610 1.000 1.000 1.000 0.027 0.000 0.000 
2.620 1.000 1.000 1.000 0.030 0.000 0.000 
2.630 1.000 1.000 1.000 0.035 0.000 0.000 
2.640 1.000 1.000 1.000 0.039 0.000 0.000 
2.650 1.000 1.000 1.000 0.044 0.000 0.000 
2.660 1.000 1.000 1.000 0.050 0.000 0.000 
2.670 1.000 1.000 1.000 0.056 0.000 0.000 
2.680 1.000 1.000 1.000 0.063 0.000 0.000 
2.690 1.000 1.000 1.000 0.070 0.000 0.000 
2.700 1.000 1.000 1.000 0.078 0.000 0.000 
2.710 1.000 1.000 1.000 0.086 0.000 0.000 
2.720 1.000 1.000 1.000 0.096 0.000 0.000 
2.730 1.000 1.000 1.000 0.106 0.000 0.000 
2.740 1.000 1.000 1.000 0.117 0.000 0.000 
2.750 1.000 1.000 1.000 0.128 0.000 0.000 
2.760 1.000 1.000 1.000 0.140 0.000 0.000 
2.770 1.000 1.000 1.000 0.153 0.000 0.000 
2.780 1.000 1.000 1.000 0.167 0.000 0.000 
2.790 1.000 1.000 1.000 0.182 0.000 0.000 
2.800 1.000 1.000 1.000 0.197 0.000 0.000 
2.810 1.000 1.000 1.000 0.213 0.000 0.000 
2.820 1.000 1.000 1.000 0.230 0.000 0.000 
2.830 1.000 1.000 1.000 0.248 0.000 0.000 
2.840 1.000 1.000 1.000 0.266 0.000 0.000 
2.850 1.000 1.000 1.000 0.285 0.000 0.000 
2.860 1.000 1.000 1.000 0.305 0.000 0.000 
2.870 1.000 1.000 1.000 0.325 0.000 0.000 
2.880 1.000 1.000 1.000 0.345 0.000 0.000 
2.890 1.000 1.000 1.000 0.367 0.000 0.000 
2.900 1.000 1.000 1.000 0.388 0.000 0.000 
2.910 1.000 1.000 1.000 0.410 0.000 0.000 
2.920 1.000 1.000 1.000 0.432 0.000 0.000 
2.930 1.000 1.000 1.000 0.455 0.000 0.000 
2.940 1.000 1.000 1.000 0.477 0.000 0.000 
2.950 1.000 1.000 1.000 0.500 0.000 0.000 
2.960 1.000 1.000 1.000 0.523 0.000 0.000 
2.970 1.000 1.000 1.000 0.545 0.000 0.000 
2.980 1.000 1.000 1.000 0.568 0.000 0.000 
2.990 1.000 1.000 1.000 0.590 0.000 0.000 
3.000 1.000 1.000 1.000 0.612 0.000 0.000 
3.010 1.000 1.000 1.000 0.633 0.000 0.000 
3.020 1.000 1.000 1.000 0.655 0.000 0.000 
3.030 1.000 1.000 1.000 0.675 0.000 0.000 
3.040 1.000 1.000 1.000 0.695 0.000 0.000 
3.050 1.000 1.000 1.000 0.715 0.000 0.000 
3.060 1.000 1.000 1.000 0.734 0.000 0.000 
3.070 1.000 1.000 1.000 0.752 0.000 0.000 
3.080 1.000 1.000 1.000 0.770 0.000 0.000 
3.090 1.000 1.000 1.000 0.787 0.000 0.000 
3.100 1.000 1.000 1.000 0.803 0.000 0.000 
3.110 1.000 1.000 1.000 0.818 0.000 0.000 
3.120 1.000 1.000 1.000 0.833 0.000 0.000 
3.130 1.000 1.000 1.000 0.847 0.000 0.000 
3.140 1.000 1.000 1.000 0.860 0.000 0.000 
3.150 1.000 1.000 1.000 0.872 0.000 0.000 
3.160 1.000 1.000 1.000 0.883 0.000 0.000 
3.170 1.000 1.000 1.000 0.894 0.000 0.000 
3.180 1.000 1.000 1.000 0.904 0.000 0.000 
3.190 1.000 1.000 1.000 0.914 0.000 0.000 
3.200 1.000 1.000 1.000 0.922 0.000 0.000 
3.210 1.000 1.000 1.000 0.930 0.000 0.000 
3.220 1.000 1.000 1.000 0.937 0.000 0.000 
3.230 1.000 1.000 1.000 0.944 0.000 0.000 
3.240 1.000 1.000 1.000 0.950 0.000 0.000 
3.250 1.000 1.000 1.000 0.956 0.000 0.000 
3.260 1.000 1.000 1.000 0.961 0.000 0.000 
3.270 1.000 1.000 1.000 0.965 0.000 0.000 
3.280 1.000 1.000 1.000 0.970 0.000 0.000 
3.290 1.000 1.000 1.000 0.973 0.001 0.000 
3.300 1.000 1.000 1.000 0.977 0.001 0.000 
3.310 1.000 1.000 1.000 0.980 0.001 0.000 
3.320 1.000 1.000 1.000 0.982 0.001 0.000 
3.330 1.000 1.000 1.000 0.985 0.001 0.000 
3.340 1.000 1.000 1.000 0.987 0.001 0.000 
3.350 1.000 1.000 1.000 0.988 0.002 0.000 
3.360 1.000 1.000 1.000 0.990 0.002 0.000 
3.370 1.000 1.000 1.000 0.991 0.002 0.000 
3.380 1.000 1.000 1.000 0.993 0.002 0.000 
3.390 1.000 1.000 1.000 0.994 0.003 0.000 
3.400 1.000 1.000 1.000 0.995 0.003 0.000 
3.410 1.000 1.000 1.000 0.996 0.004 0.000 
3.420 1.000 1.000 1.000 0.996 0.004 0.000 
3.430 1.000 1.000 1.000 0.997 0.005 0.000 
3.440 1.000 1.000 1.000 0.997 0.006 0.000 
3.450 1.000 1.000 1.000 0.998 0.007 0.000 
3.460 1.000 1.000 1.000 0.998 0.008 0.000 
3.470 1.000 1.000 1.000 0.998 0.009 0.000 
3.480 1.000 1.000 1.000 0.999 0.010 0.000 
3.490 1.000 1.000 1.000 0.999 0.012 0.000 
3.500 1.000 1.000 1.000 0.999 0.013 0.000 
3.510 1.000 1.000 1.000 0.999 0.015 0.000 
3.520 1.000 1.000 1.000 0.999 0.017 0.000 
3.530 1.000 1.000 1.000 1.000 0.019 0.000 
3.540 1.000 1.000 1.000 1.000 0.021 0.000 
3.550 1.000 1.000 1.000 1.000 0.024 0.000 
3.560 1.000 1.000 1.000 1.000 0.027 0.000 
3.570 1.000 1.000 1.000 1.000 0.030 0.000 
3.580 1.000 1.000 1.000 1.000 0.034 0.000 
3.590 1.000 1.000 1.000 1.000 0.038 0.000 
3.600 1.000 1.000 1.000 1.000 0.042 0.000 
3.610 1.000 1.000 1.000 1.000 0.047 0.000 
3.620 1.000 1.000 1.000 1.000 0.052 0.000 
3.630 1.000 1.000 1.000 1.000 0.057 0.000 
3.640 1.000 1.000 1.000 1.000 0.063 0.000 
3.650 1.000 1.000 1.000 1.000 0.069 0.000 
3.660 1.000 1.000 1.000 1.000 0.076 0.000 
3.670 1.000 1.000 1.000 1.000 0.083 0.000 
3.680 1.000 1.000 1.000 1.000 0.091 0.000 
3.690 1.000 1.000 1.000 1.000 0.100 0.000 
3.700 1.000 1.000 1.000 1.000 0.108 0.000 
3.710 1.000 1.000 1.000 1.000 0.118 0.000 
3.720 1.000 1.000 1.000 1.000 0.128 0.000 
3.730 1.000 1.000 1.000 1.000 0.139 0.000 
3.740 1.000 1.000 1.000 1.000 0.150 0.000 
3.750 1.000 1.000 1.000 1.000 0.162 0.000 
3.760 1.000 1.000 1.000 1.000 0.174 0.000 
3.770 1.000 1.000 1.000 1.000 0.187 0.000 
3.780 1.000 1.000 1.000 1.000 0.201 0.000 
3.790 1.000 1.000 1.000 1.000 0.215 0.000 
3.800 1.000 1.000 1.000 1.000 0.229 0.000 
3.810 1.000 1.000 1.000 1.000 0.245 0.000 
3.820 1.000 1.000 1.000 1.000 0.260 0.000 
3.830 1.000 1.000 1.000 1.000 0.277 0.000 
3.840 1.000 1.000 1.000 1.000 0.293 0.000 
3.850 1.000 1.000 1.000 1.000 0.311 0.000 
3.860 1.000 1.000 1.000 1.000 0.328 0.000 
3.870 1.000 1.000 1.000 1.000 0.346 0.000 
3.880 1.000 1.000 1.000 1.000 0.365 0.000 
3.890 1.000 1.000 1.000 1.000 0.384 0.000 
3.900 1.000 1.000 1.000 1.000 0.402 0.000 
3.910 1.000 1.000 1.000 1.000 0.422 0.000 
3.920 1.000 1.000 1.000 1.000 0.441 0.000 
3.930 1.000 1.000 1.000 1.000 0.461 0.000 
3.940 1.000 1.000 1.000 1.000 0.480 0.000 
3.950 1.000 1.000 1.000 1.000 0.500 0.000 
3.960 1.000 1.000 1.000 1.000 0.520 0.000 
3.970 1.000 1.000 1.000 1.000 0.539 0.000 
3.980 1.000 1.000 1.000 1.000 0.559 0.000 
3.990 1.000 1.000 1.000 1.000 0.578 0.000 
4.000 1.000 1.000 1.000 1.000 0.598 0.000 
4.010 1.000 1.000 1.000 1.000 0.616 0.000 
4.020 1.000 1.000 1.000 1.000 0.635 0.000 
4.030 1.000 1.000 1.000 1.000 0.654 0.000 
4.040 1.000 1.000 1.000 1.000 0.672 0.000 
4.050 1.000 1.000 1.000 1.000 0.689 0.000 
4.060 1.000 1.000 1.000 1.000 0.707 0.000 
4.070 1.000 1.000 1.000 1.000 0.723 0.000 
4.080 1.000 1.000 1.000 1.000 0.740 0.000 
4.090 1.000 1.000 1.000 1.000 0.755 0.000 
4.100 1.000 1.000 1.000 1.000 0.771 0.000 
4.110 1.000 1.000 1.000 1.000 0.785 0.000 
4.120 1.000 1.000 1.000 1.000 0.799 0.000 
4.130 1.000 1.000 1.000 1.000 0.813 0.000 
4.140 1.000 1.000 1.000 1.000 0.826 0.000 
4.150 1.000 1.000 1.000 1.000 0.838 0.000 
4.160 1.000 1.000 1.000 1.000 0.850 0.000 
4.170 1.000 1.000 1.000 1.000 0.861 0.000 
4.180 1.000 1.000 1.000 1.000 0.872 0.000 
4.190 1.000 1.000 1.000 1.000 0.882 0.000 
4.200 1.000 1.000 1.000 1.000 0.892 0.000 
4.210 1.000 1.000 1.000 1.000 0.900 0.001 
4.220 1.000 1.000 1.000 1.000 0.909 0.001 
4.230 1.000 1.000 1.000 1.000 0.917 0.001 
4.240 1.000 1.000 1.000 1.000 0.924 0.001 
4.250 1.000 1.000 1.000 1.000 0.931 0.001 
4.260 1.000 1.000 1.000 1.000 0.937 0.001 
4.270 1.000 1.000 1.000 1.000 0.943 0.001 
4.280 1.000 1.000 1.000 1.000 0.948 0.002 
4.290 1.000 1.000 1.000 1.000 0.953 0.002 
4.300 1.000 1.000 1.000 1.000 0.958 0.002 
4.310 1.000 1.000 1.000 1.000 0.962 0.002 
4.320 1.000 1.000 1.000 1.000 0.966 0.003 
4.330 1.000 1.000 1.000 1.000 0.970 0.003 
4.340 1.000 1.000 1.000 1.000 0.973 0.003 
4.350 1.000 1.000 1.000 1.000 0.976 0.004 
4.360 1.000 1.000 1.000 1.000 0.979 0.004 
4.370 1.000 1.000 1.000 1.000 0.981 0.005 
4.380 1.000 1.000 1.000 1.000 0.983 0.006 
4.390 1.000 1.000 1.000 1.000 0.985 0.007 
4.400 1.000 1.000 1.000 1.000 0.987 0.007 
4.410 1.000 1.000 1.000 1.000 0.988 0.008 
4.420 1.000 1.000 1.000 1.000 0.990 0.009 
4.430 1.000 1.000 1.000 1.000 0.991 0.011 
4.440 1.000 1.000 1.000 1.000 0.992 0.012 
4.450 1.000 1.000 1.000 1.000 0.993 0.013 
4.460 1.000 1.000 1.000 1.000 0.994 0.015 
4.470 1.000 1.000 1.000 1.000 0.995 0.017 
4.480 1.000 1.000 1.000 1.000 0.996 0.019 
4.490 1.000 1.000 1.000 1.000 0.996 0.021 
4.500 1.000 1.000 1.000 1.000 0.997 0.023 
4.510 1.000 1.000 1.000 1.000 0.997 0.026 
4.520 1.000 1.000 1.000 1.000 0.998 0.028 
4.530 1.000 1.000 1.000 1.000 0.998 0.031 
4.540 1.000 1.000 1.000 1.000 0.998 0.035 
4.550 1.000 1.000 1.000 1.000 0.998 0.038 
4.560 1.000 1.000 1.000 1.000 0.999 0.042 
4.570 1.000 1.000 1.000 1.000 0.999 0.046 
4.580 1.000 1.000 1.000 1.000 0.999 0.051 
4.590 1.000 1.000 1.000 1.000 0.999 0.055 
4.600 1.000 1.000 1.000 1.000 0.999 0.061 
4.610 1.000 1.000 1.000 1.000 0.999 0.066 
4.620 1.000 1.000 1.000 1.000 1.000 0.072 
4.630 1.000 1.000 1.000 1.000 1.000 0.078 
4.640 1.000 1.000 1.000 1.000 1.000 0.085 
4.650 1.000 1.000 1.000 1.000 1.000 0.092 
4.660 1.000 1.000 1.000 1.000 1.000 0.100 
4.670 1.000 1.000 1.000 1.000 1.000 0.108 
4.680 1.000 1.000 1.000 1.000 1.000 0.116 
4.690 1.000 1.000 1.000 1.000 1.000 0.125 
4.700 1.000 1.000 1.000 1.000 1.000 0.134 
4.710 1.000 1.000 1.000 1.000 1.000 0.144 
4.720 1.000 1.000 1.000 1.000 1.000 0.154 
4.730 1.000 1.000 1.000 1.000 1.000 0.165 
4.740 1.000 1.000 1.000 1.000 1.000 0.176 
4.750 1.000 1.000 1.000 1.000 1.000 0.188 
4.760 1.000 1.000 1.000 1.000 1.000 0.200 
4.770 1.000 1.000 1.000 1.000 1.000 0.213 
4.780 1.000 1.000 1.000 1.000 1.000 0.226 
4.790 1.000 1.000 1.000 1.000 1.000 0.239 
4.800 1.000 1.000 1.000 1.000 1.000 0.253 
4.810 1.000 1.000 1.000 1.000 1.000 0.268 
4.820 1.000 1.000 1.000 1.000 1.000 0.282 
4.830 1.000 1.000 1.000 1.000 1.000 0.298 
4.840 1.000 1.000 1.000 1.000 1.000 0.313 
4.850 1.000 1.000 1.000 1.000 1.000 0.329 
4.860 1.000 1.000 1.000 1.000 1.000 0.345 
4.870 1.000 1.000 1.000 1.000 1.000 0.362 
4.880 1.000 1.000 1.000 1.000 1.000 0.378 
4.890 1.000 1.000 1.000 1.000 1.000 0.395 
4.900 1.000 1.000 1.000 1.000 1.000 0.412 
4.910 1.000 1.000 1.000 1.000 1.000 0.430 
4.920 1.000 1.000 1.000 1.000 1.000 0.447 
4.930 1.000 1.000 1.000 1.000 1.000 0.465 
4.940 1.000 1.000 1.000 1.000 1.000 0.482 
4.950 1.000 1.000 1.000 1.000 1.000 0.500 
4.960 1.000 1.000 1.000 1.000 1.000 0.518 
4.970 1.000 1.000 1.000 1.000 1.000 0.535 
4.980 1.000 1.000 1.000 1.000 1.000 0.553 
4.990 1.000 1.000 1.000 1.000 1.000 0.570 
5.000 1.000 1.000 1.000 1.000 1.000 0.588 
5.010 1.000 1.000 1.000 1.000 1.000 0.605 
5.020 1.000 1.000 1.000 1.000 1.000 0.622 
5.030 1.000 1.000 1.000 1.000 1.000 0.638 
5.040 1.000 1.000 1.000 1.000 1.000 0.655 
5.050 1.000 1.000 1.000 1.000 1.000 0.671 
5.060 1.000 1.000 1.000 1.000 1.000 0.687 
5.070 1.000 1.000 1.000 1.000 1.000 0.702 
5.080 1.000 1.000 1.000 1.000 1.000 0.718 
5.090 1.000 1.000 1.000 1.000 1.000 0.732 
5.100 1.000 1.000 1.000 1.000 1.000 0.747 
5.110 1.000 1.000 1.000 1.000 1.000 0.761 
5.120 1.000 1.000 1.000 1.000 1.000 0.774 
5.130 1.000 1.000 1.000 1.000 1.000 0.787 
5.140 1.000 1.000 1.000 1.000 1.000 0.800 
5.150 1.000 1.000 1.000 1.000 1.000 0.812 
5.160 1.000 1.000 1.000 1.000 1.000 0.824 
5.170 1.000 1.000 1.000 1.000 1.000 0.835 
5.180 1.000 1.000 1.000 1.000 1.000 0.846 
5.190 1.000 1.000 1.000 1.000 1.000 0.856 
5.200 1.000 1.000 1.000 1.000 1.000 0.866 
5.210 1.000 1.000 1.000 1.000 1.000 0.875 
5.220 1.000 1.000 1.000 1.000 1.000 0.884 
5.230 1.000 1.000 1.000 1.000 1.000 0.892 
5.240 1.000 1.000 1.000 1.000 1.000 0.900 
5.250 1.000 1.000 1.000 1.000 1.000 0.908 
5.260 1.000 1.000 1.000 1.000 1.000 0.915 
5.270 1.000 1.000 1.000 1.000 1.000 0.922 
5.280 1.000 1.000 1.000 1.000 1.000 0.928 
5.290 1.000 1.000 1.000 1.000 1.000 0.934 
5.300 1.000 1.000 1.000 1.000 1.000 0.939 
5.310 1.000 1.000 1.000 1.000 1.000 0.945 
5.320 1.000 1.000 1.000 1.000 1.000 0.949 
5.330 1.000 1.000 1.000 1.000 1.000 0.954 
5.340 1.000 1.000 1.000 1.000 1.000 0.958 
5.350 1.000 1.000 1.000 1.000 1.000 0.962 
5.360 1.000 1.000 1.000 1.000 1.000 0.965 
5.370 1.000 1.000 1.000 1.000 1.000 0.969 
5.380 1.000 1.000 1.000 1.000 1.000 0.972 
5.390 1.000 1.000 1.000 1.000 1.000 0.974 
5.400 1.000 1.000 1.000 1.000 1.000 0.977 
5.410 1.000 1.000 1.000 1.000 1.000 0.979 
5.420 1.000 1.000 1.000 1.000 1.000 0.981 
5.430 1.000 1.000 1.000 1.000 1.000 0.983 
5.440 1.000 1.000 1.000 1.000 1.000 0.985 
5.450 1.000 1.000 1.000 1.000 1.000 0.987 
5.460 1.000 1.000 1.000 1.000 1.000 0.988 
5.470 1.000 1.000 1.000 1.000 1.000 0.989 
5.480 1.000 1.000 1.000 1.000 1.000 0.991 
5.490 1.000 1.000 1.000 1.000 1.000 0.992 
5.500 1.000 1.000 1.000 1.000 1.000 0.993 
5.510 1.000 1.000 1.000 1.000 1.000 0.993 
5.520 1.000 1.000 1.000 1.000 1.000 0.994 
5.530 1.000 1.000 1.000 1.000 1.000 0.995 
5.540 1.000 1.000 1.000 1.000 1.000 0.996 
5.550 1.000 1.000 1.000 1.000 1.000 0.996 
5.560 1.000 1.000 1.000 1.000 1.000 0.997 
5.570 1.000 1.000 1.000 1.000 1.000 0.997 
5.580 1.000 1.000 1.000 1.000 1.000 0.997 
5.590 1.000 1.000 1.000 1.000 1.000 0.998 
5.600 1.000 1.000 1.000 1.000 1.000 0.998 
5.610 1.000 1.000 1.000 1.000 1.000 0.998 
5.620 1.000 1.000 1.000 1.000 1.000 0.998 
5.630 1.000 1.000 1.000 1.000 1.000 0.999 
5.640 1.000 1.000 1.000 1.000 1.000 0.999 
5.650 1.000 1.000 1.000 1.000 1.000 0.999 
5.660 1.000 1.000 1.000 1.000 1.000 0.999 
5.670 1.000 1.000 1.000 1.000 1.000 0.999 
5.680 1.000 1.000 1.000 1.000 1.000 0.999 
5.690 1.000 1.000 1.000 1.000 1.000 0.999 
5.700 1.000 1.000 1.000 1.000 1.000 1.000 
5.710 1.000 1.000 1.000 1.000 1.000 1.000 
5.720 1.000 1.000 1.000 1.000 1.000 1.000 
5.730 1.000 1.000 1.000 1.000 1.000 1.000 
5.740 1.000 1.000 1.000 1.000 1.000 1.000 
5.750 1.000 1.000 1.000 1.000 1.000 1.000 
5.760 1.000 1.000 1.000 1.000 1.000 1.000 
5.770 1.000 1.000 1.000 1.000 1.000 1.000 
5.780 1.000 1.000 1.000 1.000 1.000 1.000 
5.790 1.000 1.000 1.000 1.000 1.000 1.000 
5.800 1.000 1.000 1.000 1.000 1.000 1.000 
5.810 1.000 1.000 1.000 1.000 1.000 1.000 
5.820 1.000 1.000 1.000 1.000 1.000 1.000 
5.830 1.000 1.000 1.000 1.000 1.000 1.000 
5.840 1.000 1.000 1.000 1.000 1.000 1.000 
5.850 1.000 1.000 1.000 1.000 1.000 1.000 
5.860 1.000 1.000 1.000 1.000 1.000 1.000 
5.870 1.000 1.000 1.000 1.000 1.000 1.000 
5.880 1.000 1.000 1.000 1.000 1.000 1.000 
5.890 1.000 1.000 1.000 1.000 1.000 1.000 
5.900 1.000 1.000 1.000 1.000 1.000 1.000 
5.910 1.000 1.000 1.000 1.000 1.000 1.000 
5.920 1.000 1.000 1.000 1.000 1.000 1.000 
5.930 1.000 1.000 1.000 1.000 1.000 1.000 
5.940 1.000 1.000 1.000 1.000 1.000 1.000 
5.950 1.000 1.000 1.000 1.000 1.000 1.000 
5.960 1.000 1.000 1.000 1.000 1.000 1.000 
5.970 1.000 1.000 1.000 1.000 1.000 1.000 
5.980 1.000 1.000 1.000 1.000 1.000 1.000 
5.990 1.000 1.000 1.000 1.000 1.000 1.000 
6.000 1.000 1.000 1.000 1.000 1.000 1.000 
6.010 1.000 1.000 1.000 1.000 1.000 1.000 
6.020 1.000 1.000 1.000 1.000 1.000 1.000 
6.030 1.000 1.000 1.000 1.000 1.000 1.000 
6.040 1.000 1.000 1.000 1.000 1.000 1.000 
6.050 1.000 1.000 1.000 1.000 1.000 1.000 
6.060 1.000 1.000 1.000 1.000 1.000 1.000 
6.070 1.000 1.000 1.000 1.000 1.000 1.000 
6.080 1.000 1.000 1.000 1.000 1.000 1.000 
6.090 1.000 1.000 1.000 1.000 1.000 1.000 
6.100 1.000 1.000 1.000 1.000 1.000 1.000 
6.110 1.000 1.000 1.000 1.000 1.000 1.000 
6.120 1.000 1.000 1.000 1.000 1.000 1.000 
6.130 1.000 1.000 1.000 1.000 1.000 1.000 
6.140 1.000 1.000 1.000 1.000 1.000 1.000 
6.150 1.000 1.000 1.000 1.000 1.000 1.000 
6.160 1.000 1.000 1.000 1.000 1.000 1.000 
6.170 1.000 1.000 1.000 1.000 1.000 1.000 
6.180 1.000 1.000 1.000 1.000 1.000 1.000 
6.190 1.000 1.000 1.000 1.000 1.000 1.000 
6.200 1.000 1.000 1.000 1.000 1.000 1.000 
6.210 1.000 1.000 1.000 1.000 1.000 1.000 
6.220 1.000 1.000 1.000 1.000 1.000 1.000 
6.230 1.000 1.000 1.000 1.000 1.000 1.000 
6.240 1.000 1.000 1.000 1.000 1.000 1.000 
6.250 1.000 1.000 1.000 1.000 1.000 1.000 
6.260 1.000 1.000 1.000 1.000 1.000 1.000 
6.270 1.000 1.000 1.000 1.000 1.000 1.000 
6.280 1.000 1.000 1.000 1.000 1.000 1.000 
6.290 1.000 1.000 1.000 1.000 1.000 1.000 
6.300 1.000 1.000 1.000 1.000 1.000 1.000 
6.310 1.000 1.000 1.000 1.000 1.000 1.000 
6.320 1.000 1.000 1.000 1.000 1.000 1.000 
6.330 1.000 1.000 1.000 1.000 1.000 1.000 
6.340 1.000 1.000 1.000 1.000 1.000 1.000 
6.350 1.000 1.000 1.000 1.000 1.000 1.000 
6.360 1.000 1.000 1.000 1.000 1.000 1.000 
6.370 1.000 1.000 1.000 1.000 1.000 1.000 
6.380 1.000 1.000 1.000 1.000 1.000 1.000 
6.390 1.000 1.000 1.000 1.000 1.000 1.000 
6.400 1.000 1.000 1.000 1.000 1.000 1.000 
6.410 1.000 1.000 1.000 1.000 1.000 1.000 
6.420 1.000 1.000 1.000 1.000 1.000 1.000 
6.430 1.000 1.000 1.000 1.000 1.000 1.000 
6.440 1.000 1.000 1.000 1.000 1.000 1.000 
6.450 1.000 1.000 1.000 1.000 1.000 1.000 
6.460 1.000 1.000 1.000 1.000 1.000 1.000 
6.470 1.000 1.000 1.000 1.000 1.000 1.000 
6.480 1.000 1.000 1.000 1.000 1.000 1.000 
6.490 1.000 1.000 1.000 1.000 1.000 1.000 
6.500 1.000 1.000 1.000 1.000 1.000 1.000 
6.510 1.000 1.000 1.000 1.000 1.000 1.000 
6.520 1.000 1.000 1.000 1.000 1.000 1.000 
6.530 1.000 1.000 1.000 1.000 1.000 1.000 
6.540 1.000 1.000 1.000 1.000 1.000 1.000 
6.550 1.000 1.000 1.000 1.000 1.000 1.000 
6.560 1.000 1.000 1.000 1.000 1.000 1.000 
6.570 1.000 1.000 1.000 1.000 1.000 1.000 
6.580 1.000 1.000 1.000 1.000 1.000 1.000 
6.590 1.000 1.000 1.000 1.000 1.000 1.000 
6.600 1.000 1.000 1.000 1.000 1.000 1.000 
6.610 1.000 1.000 1.000 1.000 1.000 1.000 
6.620 1.000 1.000 1.000 1.000 1.000 1.000 
6.630 1.000 1.000 1.000 1.000 1.000 1.000 
6.640 1.000 1.000 1.000 1.000 1.000 1.000 
6.650 1.000 1.000 1.000 1.000 1.000 1.000 
6.660 1.000 1.000 1.000 1.000 1.000 1.000 
6.670 1.000 1.000 1.000 1.000 1.000 1.000 
6.680 1.000 1.000 1.000 1.000 1.000 1.000 
6.690 1.000 1.000 1.000 1.000 1.000 1.000 
6.700 1.000 1.000 1.000 1.000 1.000 1.000 
6.710 1.000 1.000 1.000 1.000 1.000 1.000 
6.720 1.000 1.000 1.000 1.000 1.000 1.000 
6.730 1.000 1.000 1.000 1.000 1.000 1.000 
6.740 1.000 1.000 1.000 1.000 1.000 1.000 
6.750 1.000 1.000 1.000 1.000 1.000 1.000 
6.760 1.000 1.000 1.000 1.000 1.000 1.000 
6.770 1.000 1.000 1.000 1.000 1.000 1.000 
6.780 1.000 1.000 1.000 1.000 1.000 1.000 
6.790 1.000 1.000 1.000 1.000 1.000 1.000 
6.800 1.000 1.000 1.000 1.000 1.000 1.000 
6.810 1.000 1.000 1.000 1.000 1.000 1.000 
6.820 1.000 1.000 1.000 1.000 1.000 1.000 
6.830 1.000 1.000 1.000 1.000 1.000 1.000 
6.840 1.000 1.000 1.000 1.000 1.000 1.000 
6.850 1.000 1.000 1.000 1.000 1.000 1.000 
6.860 1.000 1.000 1.000 1.000 1.000 1.000 
6.870 1.000 1.000 1.000 1.000 1.000 1.000 
6.880 1.000 1.000 1.000 1.000 1.000 1.000 
6.890 1.000 1.000 1.000 1.000 1.000 1.000 
6.900 1.000 1.000 1.000 1.000 1.000 1.000 
6.910 1.000 1.000 1.000 1.000 1.000 1.000 
6.920 1.000 1.000 1.000 1.000 1.000 1.000 
6.930 1.000 1.000 1.000 1.000 1.000 1.000 
6.940 1.000 1.000 1.000 1.000 1.000 1.000 
6.950 1.000 1.000 1.000 1.000 1.000 1.000 
6.960 1.000 1.000 1.000 1.000 1.000 1.000 
6.970 1.000 1.000 1.000 1.000 1.000 1.000 
6.980 1.000 1.000 1.000 1.000 1.000 1.000 
6.990 1.000 1.000 1.000 1.000 1.000 1.000 
7.000 1.000 1.000 1.000 1.000 1.000 1.000 
7.010 1.000 1.000 1.000 1.000 1.000 1.000 
7.020 1.000 1.000 1.000 1.000 1.000 1.000 
7.030 1.000 1.000 1.000 1.000 1.000 1.000 
7.040 1.000 1.000 1.000 1.000 1.000 1.000 
7.050 1.000 1.000 1.000 1.000 1.000 1.000 
7.060 1.000 1.000 1.000 1.000 1.000 1.000 
7.070 1.000 1.000 1.000 1.000 1.000 1.000 
7.080 1.000 1.000 1.000 1.000 1.000 1.000 
7.090 1.000 1.000 1.000 1.000 1.000 1.000 
7.100 1.000 1.000 1.000 1.000 1.000 1.000 
7.110 1.000 1.000 1.000 1.000 1.000 1.000 
7.120 1.000 1.000 1.000 1.000 1.000 1.000 
7.130 1.000 1.000 1.000 1.000 1.000 1.000 
7.140 1.000 1.000 1.000 1.000 1.000 1.000 
7.150 1.000 1.000 1.000 1.000 1.000 1.000 
7.160 1.000 1.000 1.000 1.000 1.000 1.000 
7.170 1.000 1.000 1.000 1.000 1.000 1.000 
7.180 1.000 1.000 1.000 1.000 1.000 1.000 
7.190 1.000 1.000 1.000 1.000 1.000 1.000 
7.200 1.000 1.000 1.000 1.000 1.000 1.000 
7.210 1.000 1.000 1.000 1.000 1.000 1.000 
7.220 1.000 1.000 1.000 1.000 1.000 1.000 
7.230 1.000 1.000 1.000 1.000 1.000 1.000 
7.240 1.000 1.000 1.000 1.000 1.000 1.000 
7.250 1.000 1.000 1.000 1.000 1.000 1.000 
7.260 1.000 1.000 1.000 1.000 1.000 1.000 
7.270 1.000 1.000 1.000 1.000 1.000 1.000 
7.280 1.000 1.000 1.000 1.000 1.000 1.000 
7.290 1.000 1.000 1.000 1.000 1.000 1.000 
7.300 1.000 1.000 1.000 1.000 1.000 1.000 
7.310 1.000 1.000 1.000 1.000 1.000 1.000 
7.320 1.000 1.000 1.000 1.000 1.000 1.000 
7.330 1.000 1.000 1.000 1.000 1.000 1.000 
7.340 1.000 1.000 1.000 1.000 1.000 1.000 
7.350 1.000 1.000 1.000 1.000 1.000 1.000 
7.360 1.000 1.000 1.000 1.000 1.000 1.000 
7.370 1.000 1.000 1.000 1.000 1.000 1.000 
7.380 1.000 1.000 1.000 1.000 1.000 1.000 
7.390 1.000 1.000 1.000 1.000 1.000 1.000 
7.400 1.000 1.000 1.000 1.000 1.000 1.000 
7.410 1.000 1.000 1.000 1.000 1.000 1.000 
7.420 1.000 1.000 1.000 1.000 1.000 1.000 
7.430 1.000 1.000 1.000 1.000 1.000 1.000 
7.440 1.000 1.000 1.000 1.000 1.000 1.000 
7.450 1.000 1.000 1.000 1.000 1.000 1.000 
7.460 1.000 1.000 1.000 1.000 1.000 1.000 
7.470 1.000 1.000 1.000 1.000 1.000 1.000 
7.480 1.000 1.000 1.000 1.000 1.000 1.000 
7.490 1.000 1.000 1.000 1.000 1.000 1.000 
7.500 1.000 1.000 1.000 1.000 1.000 1.000 
7.510 1.000 1.000 1.000 1.000 1.000 1.000 
7.520 1.000 1.000 1.000 1.000 1.000 1.000 
7.530 1.000 1.000 1.000 1.000 1.000 1.000 
7.540 1.000 1.000 1.000 1.000 1.000 1.000 
7.550 1.000 1.000 1.000 1.000 1.000 1.000 
7.560 1.000 1.000 1.000 1.000 1.000 1.000 
7.570 1.000 1.000 1.000 1.000 1.000 1.000 
7.580 1.000 1.000 1.000 1.000 1.000 1.000 
7.590 1.000 1.000 1.000 1.000 1.000 1.000 
7.600 1.000 1.000 1.000 1.000 1.000 1.000 
7.610 1.000 1.000 1.000 1.000 1.000 1.000 
7.620 1.000 1.000 1.000 1.000 1.000 1.000 
7.630 1.000 1.000 1.000 1.000 1.000 1.000 
7.640 1.000 1.000 1.000 1.000 1.000 1.000 
7.650 1.000 1.000 1.000 1.000 1.000 1.000 
7.660 1.000 1.000 1.000 1.000 1.000 1.000 
7.670 1.000 1.000 1.000 1.000 1.000 1.000 
7.680 1.000 1.000 1.000 1.000 1.000 1.000 
7.690 1.000 1.000 1.000 1.000 1.000 1.000 
7.700 1.000 1.000 1.000 1.000 1.000 1.000 
7.710 1.000 1.000 1.000 1.000 1.000 1.000 
7.720 1.000 1.000 1.000 1.000 1.000 1.000 
7.730 1.000 1.000 1.000 1.000 1.000 1.000 
7.740 1.000 1.000 1.000 1.000 1.000 1.000 
7.750 1.000 1.000 1.000 1.000 1.000 1.000 
7.760 1.000 1.000 1.000 1.000 1.000 1.000 
7.770 1.000 1.000 1.000 1.000 1.000 1.000 
7.780 1.000 1.000 1.000 1.000 1.000 1.000 
7.790 1.000 1.000 1.000 1.000 1.000 1.000 
7.800 1.000 1.000 1.000 1.000 1.000 1.000 
7.810 1.000 1.000 1.000 1.000 1.000 1.000 
7.820 1.000 1.000 1.000 1.000 1.000 1.000 
7.830 1.000 1.000 1.000 1.000 1.000 1.000 
7.840 1.000 1.000 1.000 1.000 1.000 1.000 
7.850 1.000 1.000 1.000 1.000 1.000 1.000 
7.860 1.000 1.000 1.000 1.000 1.000 1.000 
7.870 1.000 1.000 1.000 1.000 1.000 1.000 
7.880 1.000 1.000 1.000 1.000 1.000 1.000 
7.890 1.000 1.000 1.000 1.000 1.000 1.000 
7.900 1.000 1.000 1.000 1.000 1.000 1.000 
7.910 1.000 1.000 1.000 1.000 1.000 1.000 
7.920 1.000 1.000 1.000 1.000 1.000 1.000 
7.930 1.000 1.000 1.000 1.000 1.000 1.000 
7.940 1.000 1.000 1.000 1.000 1.000 1.000 
7.950 1.000 1.000 1.000 1.000 1.000 1.000 
7.960 1.000 1.000 1.000 1.000 1.000 1.000 
7.970 1.000 1.000 1.000 1.000 1.000 1.000 
7.980 1.000 1.000 1.000 1.000 1.000 1.000 
7.990 1.000 1.000 1.000 1.000 1.000 1.000 
8.000 1.000 1.000 1.000 1.000 1.000 1.000 
8.010 1.000 1.000 1.000 1.000 1.000 1.000 
8.020 1.000 1.000 1.000 1.000 1.000 1.000 
8.030 1.000 1.000 1.000 1.000 1.000 1.000 
8.040 1.000 1.000 1.000 1.000 1.000 1.000 
8.050 1.000 1.000 1.000 1.000 1.000 1.000 
8.060 1.000 1.000 1.000 1.000 1.000 1.000 
8.070 1.000 1.000 1.000 1.000 1.000 1.000 
8.080 1.000 1.000 1.000 1.000 1.000 1.000 
8.090 1.000 1.000 1.000 1.000 1.000 1.000 
8.100 1.000 1.000 1.000 1.000 1.000 1.000 
8.110 1.000 1.000 1.000 1.000 1.000 1.000 
8.120 1.000 1.000 1.000 1.000 1.000 1.000 
8.130 1.000 1.000 1.000 1.000 1.000 1.000 
8.140 1.000 1.000 1.000 1.000 1.000 1.000 
8.150 1.000 1.000 1.000 1.000 1.000 1.000 
8.160 1.000 1.000 1.000 1.000 1.000 1.000 
8.170 1.000 1.000 1.000 1.000 1.000 1.000 
8.180 1.000 1.000 1.000 1.000 1.000 1.000 
8.190 1.000 1.000 1.000 1.000 1.000 1.000 
8.200 1.000 1.000 1.000 1.000 1.000 1.000 
8.210 1.000 1.000 1.000 1.000 1.000 1.000 
8.220 1.000 1.000 1.000 1.000 1.000 1.000 
8.230 1.000 1.000 1.000 1.000 1.000 1.000 
8.240 1.000 1.000 1.000 1.000 1.000 1.000 
8.250 1.000 1.000 1.000 1.000 1.000 1.000 
8.260 1.000 1.000 1.000 1.000 1.000 1.000 
8.270 1.000 1.000 1.000 1.000 1.000 1.000 
8.280 1.000 1.000 1.000 1.000 1.000 1.000 
8.290 1.000 1.000 1.000 1.000 1.000 1.000 
8.300 1.000 1.000 1.000 1.000 1.000 1.000 
8.310 1.000 1.000 1.000 1.000 1.000 1.000 
8.320 1.000 1.000 1.000 1.000 1.000 1.000 
8.330 1.000 1.000 1.000 1.000 1.000 1.000 
8.340 1.000 1.000 1.000 1.000 1.000 1.000 
8.350 1.000 1.000 1.000 1.000 1.000 1.000 
8.360 1.000 1.000 1.000 1.000 1.000 1.000 
8.370 1.000 1.000 1.000 1.000 1.000 1.000 
8.380 1.000 1.000 1.000 1.000 1.000 1.000 
8.390 1.000 1.000 1.000 1.000 1.000 1.000 
8.400 1.000 1.000 1.000 1.000 1.000 1.000 
8.410 1.000 1.000 1.000 1.000 1.000 1.000 
8.420 1.000 1.000 1.000 1.000 1.000 1.000 
8.430 1.000 1.000 1.000 1.000 1.000 1.000 
8.440 1.000 1.000 1.000 1.000 1.000 1.000 
8.450 1.000 1.000 1.000 1.000 1.000 1.000 
8.460 1.000 1.000 1.000 1.000 1.000 1.000 
8.470 1.000 1.000 1.000 1.000 1.000 1.000 
8.480 1.000 1.000 1.000 1.000 1.000 1.000 
8.490 1.000 1.000 1.000 1.000 1.000 1.000 
8.500 1.000 1.000 1.000 1.000 1.000 1.000 
8.510 1.000 1.000 1.000 1.000 1.000 1.000 
8.520 1.000 1.000 1.000 1.000 1.000 1.000 
8.530 1.000 1.000 1.000 1.000 1.000 1.000 
8.540 1.000 1.000 1.000 1.000 1.000 1.000 
8.550 1.000 1.000 1.000 1.000 1.000 1.000 
8.560 1.000 1.000 1.000 1.000 1.000 1.000 
8.570 1.000 1.000 1.000 1.000 1.000 1.000 
8.580 1.000 1.000 1.000 1.000 1.000 1.000 
8.590 1.000 1.000 1.000 1.000 1.000 1.000 
8.600 1.000 1.000 1.000 1.000 1.000 1.000 
8.610 1.000 1.000 1.000 1.000 1.000 1.000 
8.620 1.000 1.000 1.000 1.000 1.000 1.000 
8.630 1.000 1.000 1.000 1.000 1.000 1.000 
8.640 1.000 1.000 1.000 1.000 1.000 1.000 
8.650 1.000 1.000 1.000 1.000 1.000 1.000 
8.660 1.000 1.000 1.000 1.000 1.000 1.000 
8.670 1.000 1.000 1.000 1.000 1.000 1.000 
8.680 1.000 1.000 1.000 1.000 1.000 1.000 
8.690 1.000 1.000 1.000 1.000 1.000 1.000 
8.700 1.000 1.000 1.000 1.000 1.000 1.000 
8.710 1.000 1.000 1.000 1.000 1.000 1.000 
8.720 1.000 1.000 1.000 1.000 1.000 1.000 
8.730 1.000 1.000 1.000 1.000 1.000 1.000 
8.740 1.000 1.000 1.000 1.000 1.000 1.000 
8.750 1.000 1.000 1.000 1.000 1.000 1.000 
8.760 1.000 1.000 1.000 1.000 1.000 1.000 
8.770 1.000 1.000 1.000 1.000 1.000 1.000 
8.780 1.000 1.000 1.000 1.000 1.000 1.000 
8.790 1.000 1.000 1.000 1.000 1.000 1.000 
8.800 1.000 1.000 1.000 1.000 1.000 1.000 
8.810 1.000 1.000 1.000 1.000 1.000 1.000 
8.820 1.000 1.000 1.000 1.000 1.000 1.000 
8.830 1.000 1.000 1.000 1.000 1.000 1.000 
8.840 1.000 1.000 1.000 1.000 1.000 1.000 
8.850 1.000 1.000 1.000 1.000 1.000 1.000 
8.860 1.000 1.000 1.000 1.000 1.000 1.000 
8.870 1.000 1.000 1.000 1.000 1.000 1.000 
8.880 1.000 1.000 1.000 1.000 1.000 1.000 
8.890 1.000 1.000 1.000 1.000 1.000 1.000 
8.900 1.000 1.000 1.000 1.000 1.000 1.000 
8.910 1.000 1.000 1.000 1.000 1.000 1.000 
8.920 1.000 1.000 1.000 1.000 1.000 1.000 
8.930 1.000 1.000 1.000 1.000 1.000 1.000 
8.940 1.000 1.000 1.000 1.000 1.000 1.000 
8.950 1.000 1.000 1.000 1.000 1.000 1.000 
8.960 1.000 1.000 1.000 1.000 1.000 1.000 
8.970 1.000 1.000 1.000 1.000 1.000 1.000 
8.980 1.000 1.000 1.000 1.000 1.000 1.000 
8.990 1.000 1.000 1.000 1.000 1.000 1.000 
9.000 1.000 1.000 1.000 1.000 1.000 1.000 
9.010 1.000 1.000 1.000 1.000 1.000 1.000 
9.020 1.000 1.000 1.000 1.000 1.000 1.000 
9.030 1.000 1.000 1.000 1.000 1.000 1.000 
9.040 1.000 1.000 1.000 1.000 1.000 1.000 
9.050 1.000 1.000 1.000 1.000 1.000 1.000 
9.060 1.000 1.000 1.000 1.000 1.000 1.000 
9.070 1.000 1.000 1.000 1.000 1.000 1.000 
9.080 1.000 1.000 1.000 1.000 1.000 1.000 
9.090 1.000 1.000 1.000 1.000 1.000 1.000 
9.100 1.000 1.000 1.000 1.000 1.000 1.000 
9.110 1.000 1.000 1.000 1.000 1.000 1.000 
9.120 1.000 1.000 1.000 1.000 1.000 1.000 
9.130 1.000 1.000 1.000 1.000 1.000 1.000 
9.140 1.000 1.000 1.000 1.000 1.000 1.000 
9.150 1.000 1.000 1.000 1.000 1.000 1.000 
9.160 1.000 1.000 1.000 1.000 1.000 1.000 
9.170 1.000 1.000 1.000 1.000 1.000 1.000 
9.180 1.000 1.000 1.000 1.000 1.000 1.000 
9.190 1.000 1.000 1.000 1.000 1.000 1.000 
9.200 1.000 1.000 1.000 1.000 1.000 1.000 
9.210 1.000 1.000 1.000 1.000 1.000 1.000 
9.220 1.000 1.000 1.000 1.000 1.000 1.000 
9.230 1.000 1.000 1.000 1.000 1.000 1.000 
9.240 1.000 1.000 1.000 1.000 1.000 1.000 
9.250 1.000 1.000 1.000 1.000 1.000 1.000 
9.260 1.000 1.000 1.000 1.000 1.000 1.000 
9.270 1.000 1.000 1.000 1.000 1.000 1.000 
9.280 1.000 1.000 1.000 1.000 1.000 1.000 
9.290 1.000 1.000 1.000 1.000 1.000 1.000 
9.300 1.000 1.000 1.000 1.000 1.000 1.000 
9.310 1.000 1.000 1.000 1.000 1.000 1.000 
9.320 1.000 1.000 1.000 1.000 1.000 1.000 
9.330 1.000 1.000 1.000 1.000 1.000 1.000 
9.340 1.000 1.000 1.000 1.000 1.000 1.000 
9.350 1.000 1.000 1.000 1.000 1.000 1.000 
9.360 1.000 1.000 1.000 1.000 1.000 1.000 
9.370 1.000 1.000 1.000 1.000 1.000 1.000 
9.380 1.000 1.000 1.000 1.000 1.000 1.000 
9.390 1.000 1.000 1.000 1.000 1.000 1.000 
9.400 1.000 1.000 1.000 1.000 1.000 1.000 
9.410 1.000 1.000 1.000 1.000 1.000 1.000 
9.420 1.000 1.000 1.000 1.000 1.000 1.000 
9.430 1.000 1.000 1.000 1.000 1.000 1.000 
9.440 1.000 1.000 1.000 1.000 1.000 1.000 
9.450 1.000 1.000 1.000 1.000 1.000 1.000 
9.460 1.000 1.000 1.000 1.000 1.000 1.000 
9.470 1.000 1.000 1.000 1.000 1.000 1.000 
9.480 1.000 1.000 1.000 1.000 1.000 1.000 
9.490 1.000 1.000 1.000 1.000 1.000 1.000 
9.500 1.000 1.000 1.000 1.000 1.000 1.000 
9.510 1.000 1.000 1.000 1.000 1.000 1.000 
9.520 1.000 1.000 1.000 1.000 1.000 1.000 
9.530 1.000 1.000 1.000 1.000 1.000 1.000 
9.540 1.000 1.000 1.000 1.000 1.000 1.000 
9.550 1.000 1.000 1.000 1.000 1.000 1.000 
9.560 1.000 1.000 1.000 1.000 1.000 1.000 
9.570 1.000 1.000 1.000 1.000 1.000 1.000 
9.580 1.000 1.000 1.000 1.000 1.000 1.000 
9.590 1.000 1.000 1.000 1.000 1.000 1.000 
9.600 1.000 1.000 1.000 1.000 1.000 1.000 
9.610 1.000 1.000 1.000 1.000 1.000 1.000 
9.620 1.000 1.000 1.000 1.000 1.000 1.000 
9.630 1.000 1.000 1.000 1.000 1.000 1.000 
9.640 1.000 1.000 1.000 1.000 1.000 1.000 
9.650 1.000 1.000 1.000 1.000 1.000 1.000 
9.660 1.000 1.000 1.000 1.000 1.000 1.000 
9.670 1.000 1.000 1.000 1.000 1.000 1.000 
9.680 1.000 1.000 1.000 1.000 1.000 1.000 
9.690 1.000 1.000 1.000 1.000 1.000 1.000 
9.700 1.000 1.000 1.000 1.000 1.000 1.000 
9.710 1.000 1.000 1.000 1.000 1.000 1.000 
9.720 1.000 1.000 1.000 1.000 1.000 1.000 
9.730 1.000 1.000 1.000 1.000 1.000 1.000 
9.740 1.000 1.000 1.000 1.000 1.000 1.000 
9.750 1.000 1.000 1.000 1.000 1.000 1.000 
9.760 1.000 1.000 1.000 1.000 1.000 1.000 
9.770 1.000 1.000 1.000 1.000 1.000 1.000 
9.780 1.000 1.000 1.000 1.000 1.000 1.000 
9.790 1.000 1.000 1.000 1.000 1.000 1.000 
9.800 1.000 1.000 1.000 1.000 1.000 1.000 
9.810 1.000 1.000 1.000 1.000 1.000 1.000 
9.820 1.000 1.000 1.000 1.000 1.000 1.000 
9.830 1.000 1.000 1.000 1.000 1.000 1.000 
9.840 1.000 1.000 1.000 1.000 1.000 1.000 
9.850 1.000 1.000 1.000 1.000 1.000 1.000 
9.860 1.000 1.000 1.000 1.000 1.000 1.000 
9.870 1.000 1.000 1.000 1.000 1.000 1.000 
9.880 1.000 1.000 1.000 1.000 1.000 1.000 
9.890 1.000 1.000 1.000 1.000 1.000 1.000 
9.900 1.000 1.000 1.000 1.000 1.000 1.000 
9.910 1.000 1.000 1.000 1.000 1.000 1.000 
9.920 1.000 1.000 1.000 1.000 1.000 1.000 
9.930 1.000 1.000 1.000 1.000 1.000 1.000 
9.940 1.000 1.000 1.000 1.000 1.000 1.000 
9.950 1.000 1.000 1.000 1.000 1.000 1.000 
9.960 1.000 1.000 1.000 1.000 1.000 1.000 
9.970 1.000 1.000 1.000 1.000 1.000 1.000 
9.980 1.000 1.000 1.000 1.000 1.000 1.000 
9.990 1.000 1.000 1.000 1.000 1.000 1.000 
10.000 1.000 1.000 1.000 1.000 1.000 1.000 
10.010 1.000 1.000 1.000 1.000 1.000 1.000 
10.020 1.000 1.000 1.000 1.000 1.000 1.000 
10.030 1.000 1.000 1.000 1.000 1.000 1.000 
10.040 1.000 1.000 1.000 1.000 1.000 1.000 
10.050 1.000 1.000 1.000 1.000 1.000 1.000 
10.060 1.000 1.000 1.000 1.000 1.000 1.000 
10.070 1.000 1.000 1.000 1.000 1.000 1.000 
10.080 1.000 1.000 1.000 1.000 1.000 1.000 
10.090 1.000 1.000 1.000 1.000 1.000 1.000 
10.100 1.000 1.000 1.000 1.000 1.000 1.000 
10.110 1.000 1.000 1.000 1.000 1.000 1.000 
10.120 1.000 1.000 1.000 1.000 1.000 1.000 
10.130 1.000 1.000 1.000 1.000 1.000 1.000 
10.140 1.000 1.000 1.000 1.000 1.000 1.000 
10.150 1.000 1.000 1.000 1.000 1.000 1.000 
10.160 1.000 1.000 1.000 1.000 1.000 1.000 
10.170 1.000 1.000 1.000 1.000 1.000 1.000 
10.180 1.000 1.000 1.000 1.000 1.000 1.000 
10.190 1.000 1.000 1.000 1.000 1.000 1.000 
10.200 1.000 1.000 1.000 1.000 1.000 1.000 
10.210 1.000 1.000 1.000 1.000 1.000 1.000 
10.220 1.000 1.000 1.000 1.000 1.000 1.000 
10.230 1.000 1.000 1.000 1.000 1.000 1.000 
10.240 1.000 1.000 1.000 1.000 1.000 1.000 
10.250 1.000 1.000 1.000 1.000 1.000 1.000 
10.260 1.000 1.000 1.000 1.000 1.000 1.000 
10.270 1.000 1.000 1.000 1.000 1.000 1.000 
10.280 1.000 1.000 1.000 1.000 1.000 1.000 
10.290 1.000 1.000 1.000 1.000 1.000 1.000 
10.300 1.000 1.000 1.000 1.000 1.000 1.000 
10.310 1.000 1.000 1.000 1.000 1.000 1.000 
10.320 1.000 1.000 1.000 1.000 1.000 1.000 
10.330 1.000 1.000 1.000 1.000 1.000 1.000 
10.340 1.000 1.000 1.000 1.000 1.000 1.000 
10.350 1.000 1.000 1.000 1.000 1.000 1.000 
10.360 1.000 1.000 1.000 1.000 1.000 1.000 
10.370 1.000 1.000 1.000 1.000 1.000 1.000 
10.380 1.000 1.000 1.000 1.000 1.000 1.000 
10.390 1.000 1.000 1.000 1.000 1.000 1.000 
10.400 1.000 1.000 1.000 1.000 1.000 1.000 
10.410 1.000 1.000 1.000 1.000 1.000 1.000 
10.420 1.000 1.000 1.000 1.000 1.000 1.000 
10.430 1.000 1.000 1.000 1.000 1.000 1.000 
10.440 1.000 1.000 1.000 1.000 1.000 1.000 
10.450 1.000 1.000 1.000 1.000 1.000 1.000 
10.460 1.000 1.000 1.000 1.000 1.000 1.000 
10.470 1.000 1.000 1.000 1.000 1.000 1.000 
10.480 1.000 1.000 1.000 1.000 1.000 1.000 
10.490 1.000 1.000 1.000 1.000 1.000 1.000 
10.500 1.000 1.000 1.000 1.000 1.000 1.000 
10.510 1.000 1.000 1.000 1.000 1.000 1.000 
10.520 1.000 1.000 1.000 1.000 1.000 1.000 
10.530 1.000 1.000 1.000 1.000 1.000 1.000 
10.540 1.000 1.000 1.000 1.000 1.000 1.000 
10.550 1.000 1.000 1.000 1.000 1.000 1.000 
10.560 1.000 1.000 1.000 1.000 1.000 1.000 
10.570 1.000 1.000 1.000 1.000 1.000 1.000 
10.580 1.000 1.000 1.000 1.000 1.000 1.000 
10.590 1.000 1.000 1.000 1.000 1.000 1.000 
10.600 1.000 1.000 1.000 1.000 1.000 1.000 
10.610 1.000 1.000 1.000 1.000 1.000 1.000 
10.620 1.000 1.000 1.000 1.000 1.000 1.000 
10.630 1.000 1.000 1.000 1.000 1.000 1.000 
10.640 1.000 1.000 1.000 1.000 1.000 1.000 
10.650 1.000 1.000 1.000 1.000 1.000 1.000 
10.660 1.000 1.000 1.000 1.000 1.000 1.000 
10.670 1.000 1.000 1.000 1.000 1.000 1.000 
10.680 1.000 1.000 1.000 1.000 1.000 1.000 
10.690 1.000 1.000 1.000 1.000 1.000 1.000 
10.700 1.000 1.000 1.000 1.000 1.000 1.000 
10.710 1.000 1.000 1.000 1.000 1.000 1.000 
10.720 1.000 1.000 1.000 1.000 1.000 1.000 
10.730 1.000 1.000 1.000 1.000 1.000 1.000 
10.740 1.000 1.000 1.000 1.000 1.000 1.000 
10.750 1.000 1.000 1.000 1.000 1.000 1.000 
10.760 1.000 1.000 1.000 1.000 1.000 1.000 
10.770 1.000 1.000 1.000 1.000 1.000 1.000 
10.780 1.000 1.000 1.000 1.000 1.000 1.000 
10.790 1.000 1.000 1.000 1.000 1.000 1.000 
10.800 1.000 1.000 1.000 1.000 1.000 1.000 
10.810 1.000 1.000 1.000 1.000 1.000 1.000 
10.820 1.000 1.000 1.000 1.000 1.000 1.000 
10.830 1.000 1.000 1.000 1.000 1.000 1.000 
10.840 1.000 1.000 1.000 1.000 1.000 1.000 
10.850 1.000 1.000 1.000 1.000 1.000 1.000 
10.860 1.000 1.000 1.000 1.000 1.000 1.000 
10.870 1.000 1.000 1.000 1.000 1.000 1.000 
10.880 1.000 1.000 1.000 1.000 1.000 1.000 
10.890 1.000 1.000 1.000 1.000 1.000 1.000 
10.900 1.000 1.000 1.000 1.000 1.000 1.000 
10.910 1.000 1.000 1.000 1.000 1.000 1.000 
10.920 1.000 1.000 1.000 1.000 1.000 1.000 
10.930 1.000 1.000 1.000 1.000 1.000 1.000 
10.940 1.000 1.000 1.000 1.000 1.000 1.000 
10.950 1.000 1.000 1.000 1.000 1.000 1.000 
10.960 1.000 1.000 1.000 1.000 1.000 1.000 
10.970 1.000 1.000 1.000 1.000 1.000 1.000 
10.980 1.000 1.000 1.000 1.000 1.000 1.000 
10.990 1.000 1.000 1.000 1.000 1.000 1.000 
11.000 1.000 1.000 1.000 1.000 1.000 1.000 
11.010 1.000 1.000 1.000 1.000 1.000 1.000 
11.020 1.000 1.000 1.000 1.000 1.000 1.000 
11.030 1.000 1.000 1.000 1.000 1.000 1.000 
11.040 1.000 1.000 1.000 1.000 1.000 1.000 
11.050 1.000 1.000 1.000 1.000 1.000 1.000 
11.060 1.000 1.000 1.000 1.000 1.000 1.000 
11.070 1.000 1.000 1.000 1.000 1.000 1.000 
11.080 1.000 1.000 1.000 1.000 1.000 1.000 
11.090 1.000 1.000 1.000 1.000 1.000 1.000 
11.100 1.000 1.000 1.000 1.000 1.000 1.000 
11.110 1.000 1.000 1.000 1.000 1.000 1.000 
11.120 1.000 1.000 1.000 1.000 1.000 1.000 
11.130 1.000 1.000 1.000 1.000 1.000 1.000 
11.140 1.000 1.000 1.000 1.000 1.000 1.000 
11.150 1.000 1.000 1.000 1.000 1.000 1.000 
11.160 1.000 1.000 1.000 1.000 1.000 1.000 
11.170 1.000 1.000 1.000 1.000 1.000 1.000 
11.180 1.000 1.000 1.000 1.000 1.000 1.000 
11.190 1.000 1.000 1.000 1.000 1.000 1.000 
11.200 1.000 1.000 1.000 1.000 1.000 1.000 
11.210 1.000 1.000 1.000 1.000 1.000 1.000 
11.220 1.000 1.000 1.000 1.000 1.000 1.000 
11.230 1.000 1.000 1.000 1.000 1.000 1.000 
11.240 1.000 1.000 1.000 1.000 1.000 1.000 
11.250 1.000 1.000 1.000 1.000 1.000 1.000 
11.260 1.000 1.000 1.000 1.000 1.000 1.000 
11.270 1.000 1.000 1.000 1.000 1.000 1.000 
11.280 1.000 1.000 1.000 1.000 1.000 1.000 
11.290 1.000 1.000 1.000 1.000 1.000 1.000 
11.300 1.000 1.000 1.000 1.000 1.000 1.000 
11.310 1.000 1.000 1.000 1.000 1.000 1.000 
11.320 1.000 1.000 1.000 1.000 1.000 1.000 
11.330 1.000 1.000 1.000 1.000 1.000 1.000 
11.340 1.000 1.000 1.000 1.000 1.000 1.000 
11.350 1.000 1.000 1.000 1.000 1.000 1.000 
11.360 1.000 1.000 1.000 1.000 1.000 1.000 
11.370 1.000 1.000 1.000 1.000 1.000 1.000 
11.380 1.000 1.000 1.000 1.000 1.000 1.000 
11.390 1.000 1.000 1.000 1.000 1.000 1.000 
11.400 1.000 1.000 1.000 1.000 1.000 1.000 
11.410 1.000 1.000 1.000 1.000 1.000 1.000 
11.420 1.000 1.000 1.000 1.000 1.000 1.000 
11.430 1.000 1.000 1.000 1.000 1.000 1.000 
11.440 1.000 1.000 1.000 1.000 1.000 1.000 
11.450 1.000 1.000 1.000 1.000 1.000 1.000 
11.460 1.000 1.000 1.000 1.000 1.000 1.000 
11.470 1.000 1.000 1.000 1.000 1.000 1.000 
11.480 1.000 1.000 1.000 1.000 1.000 1.000 
11.490 1.000 1.000 1.000 1.000 1.000 1.000 
11.500 1.000 1.000 1.000 1.000 1.000 1.000 
11.510 1.000 1.000 1.000 1.000 1.000 1.000 
11.520 1.000 1.000 1.000 1.000 1.000 1.000 
11.530 1.000 1.000 1.000 1.000 1.000 1.000 
11.540 1.000 1.000 1.000 1.000 1.000 1.000 
11.550 1.000 1.000 1.000 1.000 1.000 1.000 
11.560 1.000 1.000 1.000 1.000 1.000 1.000 
11.570 1.000 1.000 1.000 1.000 1.000 1.000 
11.580 1.000 1.000 1.000 1.000 1.000 1.000 
11.590 1.000 1.000 1.000 1.000 1.000 1.000 
11.600 1.000 1.000 1.000 1.000 1.000 1.000 
11.610 1.000 1.000 1.000 1.000 1.000 1.000 
11.620 1.000 1.000 1.000 1.000 1.000 1.000 
11.630 1.000 1.000 1.000 1.000 1.000 1.000 
11.640 1.000 1.000 1.000 1.000 1.000 1.000 
11.650 1.000 1.000 1.000 1.000 1.000 1.000 
11.660 1.000 1.000 1.000 1.000 1.000 1.000 
11.670 1.000 1.000 1.000 1.000 1.000 1.000 
11.680 1.000 1.000 1.000 1.000 1.000 1.000 
11.690 1.000 1.000 1.000 1.000 1.000 1.000 
11.700 1.000 1.000 1.000 1.000 1.000 1.000 
11.710 1.000 1.000 1.000 1.000 1.000 1.000 
11.720 1.000 1.000 1.000 1.000 1.000 1.000 
11.730 1.000 1.000 1.000 1.000 1.000 1.000 
11.740 1.000 1.000 1.000 1.000 1.000 1.000 
11.750 1.000 1.000 1.000 1.000 1.000 1.000 
11.760 1.000 1.000 1.000 1.000 1.000 1.000 
11.770 1.000 1.000 1.000 1.000 1.000 1.000 
11.780 1.000 1.000 1.000 1.000 1.000 1.000 
11.790 1.000 1.000 1.000 1.000 1.000 1.000 
11.800 1.000 1.000 1.000 1.000 1.000 1.000 
11.810 1.000 1.000 1.000 1.000 1.000 1.000 
11.820 1.000 1.000 1.000 1.000 1.000 1.000 
11.830 1.000 1.000 1.000 1.000 1.000 1.000 
11.840 1.000 1.000 1.000 1.000 1.000 1.000 
11.850 1.000 1.000 1.000 1.000 1.000 1.000 
11.860 1.000 1.000 1.000 1.000 1.000 1.000 
11.870 1.000 1.000 1.000 1.000 1.000 1.000 
11.880 1.000 1.000 1.000 1.000 1.000 1.000 
11.890 1.000 1.000 1.000 1.000 1.000 1.000 
11.900 1.000 1.000 1.000 1.000 1.000 1.000 
11.910 1.000 1.000 1.000 1.000 1.000 1.000 
11.920 1.000 1.000 1.000 1.000 1.000 1.000 
11.930 1.000 1.000 1.000 1.000 1.000 1.000 
11.940 1.000 1.000 1.000 1.000 1.000 1.000 
11.950 1.000 1.000 1.000 1.000 1.000 1.000 
11.960 1.000 1.000 1.000 1.000 1.000 1.000 
11.970 1.000 1.000 1.000 1.000 1.000 1.000 
11.980 1.000 1.000 1.000 1.000 1.000 1.000 
11.990 1.000 1.000 1.000 1.000 1.000 1.000 
12.000 1.000 1.000 1.000 1.000 1.000 1.000 
12.010 1.000 1.000 1.000 1.000 1.000 1.000 
12.020 1.000 1.000 1.000 1.000 1.000 1.000 
12.030 1.000 1.000 1.000 1.000 1.000 1.000 
12.040 1.000 1.000 1.000 1.000 1.000 1.000 
12.050 1.000 1.000 1.000 1.000 1.000 1.000 
12.060 1.000 1.000 1.000 1.000 1.000 1.000 
12.070 1.000 1.000 1.000 1.000 1.000 1.000 
12.080 1.000 1.000 1.000 1.000 1.000 1.000 
12.090 1.000 1.000 1.000 1.000 1.000 1.000 
12.100 1.000 1.000 1.000 1.000 1.000 1.000 
12.110 1.000 1.000 1.000 1.000 1.000 1.000 
12.120 1.000 1.000 1.000 1.000 1.000 1.000 
12.130 1.000 1.000 1.000 1.000 1.000 1.000 
12.140 1.000 1.000 1.000 1.000 1.000 1.000 
12.150 1.000 1.000 1.000 1.000 1.000 1.000 
12.160 1.000 1.000 1.000 1.000 1.000 1.000 
12.170 1.000 1.000 1.000 1.000 1.000 1.000 
12.180 1.000 1.000 1.000 1.000 1.000 1.000 
12.190 1.000 1.000 1.000 1.000 1.000 1.000 
12.200 1.000 1.000 1.000 1.000 1.000 1.000 
12.210 1.000 1.000 1.000 1.000 1.000 1.000 
12.220 1.000 1.000 1.000 1.000 1.000 1.000 
12.230 1.000 1.000 1.000 1.000 1.000 1.000 
12.240 1.000 1.000 1.000 1.000 1.000 1.000 
12.250 1.000 1.000 1.000 1.000 1.000 1.000 
12.260 1.000 1.000 1.000 1.000 1.000 1.000 
12.270 1.000 1.000 1.000 1.000 1.000 1.000 
12.280 1.000 1.000 1.000 1.000 1.000 1.000 
12.290 1.000 1.000 1.000 1.000 1.000 1.000 
12.300 1.000 1.000 1.000 1.000 1.000 1.000 
12.310 1.000 1.000 1.000 1.000 1.000 1.000 
12.320 1.000 1.000 1.000 1.000 1.000 1.000 
12.330 1.000 1.000 1.000 1.000 1.000 1.000 
12.340 1.000 1.000 1.000 1.000 1.000 1.000 
12.350 1.000 1.000 1.000 1.000 1.000 1.000 
12.360 1.000 1.000 1.000 1.000 1.000 1.000 
12.370 1.000 1.000 1.000 1.000 1.000 1.000 
12.380 1.000 1.000 1.000 1.000 1.000 1.000 
12.390 1.000 1.000 1.000 1.000 1.000 1.000 
12.400 1.000 1.000 1.000 1.000 1.000 1.000 
12.410 1.000 1.000 1.000 1.000 1.000 1.000 
12.420 1.000 1.000 1.000 1.000 1.000 1.000 
12.430 1.000 1.000 1.000 1.000 1.000 1.000 
12.440 1.000 1.000 1.000 1.000 1.000 1.000 
12.450 1.000 1.000 1.000 1.000 1.000 1.000 
12.460 1.000 1.000 1.000 1.000 1.000 1.000 
12.470 1.000 1.000 1.000 1.000 1.000 1.000 
12.480 1.000 1.000 1.000 1.000 1.000 1.000 
12.490 1.000 1.000 1.000 1.000 1.000 1.000 
12.500 1.000 1.000 1.000 1.000 1.000 1.000 
12.510 1.000 1.000 1.000 1.000 1.000 1.000 
12.520 1.000 1.000 1.000 1.000 1.000 1.000 
12.530 1.000 1.000 1.000 1.000 1.000 1.000 
12.540 1.000 1.000 1.000 1.000 1.000 1.000 
12.550 1.000 1.000 1.000 1.000 1.000 1.000 
12.560 1.000 1.000 1.000 1.000 1.000 1.000 
12.570 1.000 1.000 1.000 1.000 1.000 1.000 
12.580 1.000 1.000 1.000 1.000 1.000 1.000 
12.590 1.000 1.000 1.000 1.000 1.000 1.000 
12.600 1.000 1.000 1.000 1.000 1.000 1.000 
12.610 1.000 1.000 1.000 1.000 1.000 1.000 
12.620 1.000 1.000 1.000 1.000 1.000 1.000 
12.630 1.000 1.000 1.000 1.000 1.000 1.000 
12.640 1.000 1.000 1.000 1.000 1.000 1.000 
12.650 1.000 1.000 1.000 1.000 1.000 1.000 
12.660 1.000 1.000 1.000 1.000 1.000 1.000 
12.670 1.000 1.000 1.000 1.000 1.000 1.000 
12.680 1.000 1.000 1.000 1.000 1.000 1.000 
12.690 1.000 1.000 1.000 1.000 1.000 1.000 
12.700 1.000 1.000 1.000 1.000 1.000 1.000 
12.710 1.000 1.000 1.000 1.000 1.000 1.000 
12.720 1.000 1.000 1.000 1.000 1.000 1.000 
12.730 1.000 1.000 1.000 1.000 1.000 1.000 
12.740 1.000 1.000 1.000 1.000 1.000 1.000 
12.750 1.000 1.000 1.000 1.000 1.000 1.000 
12.760 1.000 1.000 1.000 1.000 1.000 1.000 
12.770 1.000 1.000 1.000 1.000 1.000 1.000 
12.780 1.000 1.000 1.000 1.000 1.000 1.000 
12.790 1.000 1.000 1.000 1.000 1.000 1.000 
12.800 1.000 1.000 1.000 1.000 1.000 1.000 
12.810 1.000 1.000 1.000 1.000 1.000 1.000 
12.820 1.000 1.000 1.000 1.000 1.000 1.000 
12.830 1.000 1.000 1.000 1.000 1.000 1.000 
12.840 1.000 1.000 1.000 1.000 1.000 1.000 
12.850 1.000 1.000 1.000 1.000 1.000 1.000 
12.860 1.000 1.000 1.000 1.000 1.000 1.000 
12.870 1.000 1.000 1.000 1.000 1.000 1.000 
12.880 1.000 1.000 1.000 1.000 1.000 1.000 
12.890 1.000 1.000 1.000 1.000 1.000 1.000 
12.900 1.000 1.000 1.000 1.000 1.000 1.000 
12.910 1.000 1.000 1.000 1.000 1.000 1.000 
12.920 1.000 1.000 1.000 1.000 1.000 1.000 
12.930 1.000 1.000 1.000 1.000 1.000 1.000 
12.940 1.000 1.000 1.000 1.000 1.000 1.000 
12.950 1.000 1.000 1.000 1.000 1.000 1.000 
12.960 1.000 1.000 1.000 1.000 1.000 1.000 
12.970 1.000 1.000 1.000 1.000 1.000 1.000 
12.980 1.000 1.000 1.000 1.000 1.000 1.000 
12.990 1.000 1.000 1.000 1.000 1.000 1.000 
13.000 1.000 1.000 1.000 1.000 1.000 1.000 
13.010 1.000 1.000 1.000 1.000 1.000 1.000 
13.020 1.000 1.000 1.000 1.000 1.000 1.000 
13.030 1.000 1.000 1.000 1.000 1.000 1.000 
13.040 1.000 1.000 1.000 1.000 1.000 1.000 
13.050 1.000 1.000 1.000 1.000 1.000 1.000 
13.060 1.000 1.000 1.000 1.000 1.000 1.000 
13.070 1.000 1.000 1.000 1.000 1.000 1.000 
13.080 1.000 1.000 1.000 1.000 1.000 1.000 
13.090 1.000 1.000 1.000 1.000 1.000 1.000 
13.100 1.000 1.000 1.000 1.000 1.000 1.000 
13.110 1.000 1.000 1.000 1.000 1.000 1.000 
13.120 1.000 1.000 1.000 1.000 1.000 1.000 
13.130 1.000 1.000 1.000 1.000 1.000 1.000 
13.140 1.000 1.000 1.000 1.000 1.000 1.000 
13.150 1.000 1.000 1.000 1.000 1.000 1.000 
13.160 1.000 1.000 1.000 1.000 1.000 1.000 
13.170 1.000 1.000 1.000 1.000 1.000 1.000 
13.180 1.000 1.000 1.000 1.000 1.000 1.000 
13.190 1.000 1.000 1.000 1.000 1.000 1.000 
13.200 1.000 1.000 1.000 1.000 1.000 1.000 
13.210 1.000 1.000 1.000 1.000 1.000 1.000 
13.220 1.000 1.000 1.000 1.000 1.000 1.000 
13.230 1.000 1.000 1.000 1.000 1.000 1.000 
13.240 1.000 1.000 1.000 1.000 1.000 1.000 
13.250 1.000 1.000 1.000 1.000 1.000 1.000 
13.260 1.000 1.000 1.000 1.000 1.000 1.000 
13.270 1.000 1.000 1.000 1.000 1.000 1.000 
13.280 1.000 1.000 1.000 1.000 1.000 1.000 
13.290 1.000 1.000 1.000 1.000 1.000 1.000 
13.300 1.000 1.000 1.000 1.000 1.000 1.000 
13.310 1.000 1.000 1.000 1.000 1.000 1.000 
13.320 1.000 1.000 1.000 1.000 1.000 1.000 
13.330 1.000 1.000 1.000 1.000 1.000 1.000 
13.340 1.000 1.000 1.000 1.000 1.000 1.000 
13.350 1.000 1.000 1.000 1.000 1.000 1.000 
13.360 1.000 1.000 1.000 1.000 1.000 1.000 
13.370 1.000 1.000 1.000 1.000 1.000 1.000 
13.380 1.000 1.000 1.000 1.000 1.000 1.000 
13.390 1.000 1.000 1.000 1.000 1.000 1.000 
13.400 1.000 1.000 1.000 1.000 1.000 1.000 
13.410 1.000 1.000 1.000 1.000 1.000 1.000 
13.420 1.000 1.000 1.000 1.000 1.000 1.000 
13.430 1.000 1.000 1.000 1.000 1.000 1.000 
13.440 1.000 1.000 1.000 1.000 1.000 1.000 
13.450 1.000 1.000 1.000 1.000 1.000 1.000 
13.460 1.000 1.000 1.000 1.000 1.000 1.000 
13.470 1.000 1.000 1.000 1.000 1.000 1.000 
13.480 1.000 1.000 1.000 1.000 1.000 1.000 
13.490 1.000 1.000 1.000 1.000 1.000 1.000 
13.500 1.000 1.000 1.000 1.000 1.000 1.000 
13.510 1.000 1.000 1.000 1.000 1.000 1.000 
13.520 1.000 1.000 1.000 1.000 1.000 1.000 
13.530 1.000 1.000 1.000 1.000 1.000 1.000 
13.540 1.000 1.000 1.000 1.000 1.000 1.000 
13.550 1.000 1.000 1.000 1.000 1.000 1.000 
13.560 1.000 1.000 1.000 1.000 1.000 1.000 
13.570 1.000 1.000 1.000 1.000 1.000 1.000 
13.580 1.000 1.000 1.000 1.000 1.000 1.000 
13.590 1.000 1.000 1.000 1.000 1.000 1.000 
13.600 1.000 1.000 1.000 1.000 1.000 1.000 
13.610 1.000 1.000 1.000 1.000 1.000 1.000 
13.620 1.000 1.000 1.000 1.000 1.000 1.000 
13.630 1.000 1.000 1.000 1.000 1.000 1.000 
13.640 1.000 1.000 1.000 1.000 1.000 1.000 
13.650 1.000 1.000 1.000 1.000 1.000 1.000 
13.660 1.000 1.000 1.000 1.000 1.000 1.000 
13.670 1.000 1.000 1.000 1.000 1.000 1.000 
13.680 1.000 1.000 1.000 1.000 1.000 1.000 
13.690 1.000 1.000 1.000 1.000 1.000 1.000 
13.700 1.000 1.000 1.000 1.000 1.000 1.000 
13.710 1.000 1.000 1.000 1.000 1.000 1.000 
13.720 1.000 1.000 1.000 1.000 1.000 1.000 
13.730 1.000 1.000 1.000 1.000 1.000 1.000 
13.740 1.000 1.000 1.000 1.000 1.000 1.000 
13.750 1.000 1.000 1.000 1.000 1.000 1.000 
13.760 1.000 1.000 1.000 1.000 1.000 1.000 
13.770 1.000 1.000 1.000 1.000 1.000 1.000 
13.780 1.000 1.000 1.000 1.000 1.000 1.000 
13.790 1.000 1.000 1.000 1.000 1.000 1.000 
13.800 1.000 1.000 1.000 1.000 1.000 1.000 
13.810 1.000 1.000 1.000 1.000 1.000 1.000 
13.820 1.000 1.000 1.000 1.000 1.000 1.000 
13.830 1.000 1.000 1.000 1.000 1.000 1.000 
13.840 1.000 1.000 1.000 1.000 1.000 1.000 
13.850 1.000 1.000 1.000 1.000 1.000 1.000 
13.860 1.000 1.000 1.000 1.000 1.000 1.000 
13.870 1.000 1.000 1.000 1.000 1.000 1.000 
13.880 1.000 1.000 1.000 1.000 1.000 1.000 
13.890 1.000 1.000 1.000 1.000 1.000 1.000 
13.900 1.000 1.000 1.000 1.000 1.000 1.000 
13.910 1.000 1.000 1.000 1.000 1.000 1.000 
13.920 1.000 1.000 1.000 1.000 1.000 1.000 
13.930 1.000 1.000 1.000 1.000 1.000 1.000 
13.940 1.000 1.000 1.000 1.000 1.000 1.000 
13.950 1.000 1.000 1.000 1.000 1.000 1.000 
13.960 1.000 1.000 1.000 1.000 1.000 1.000 
13.970 1.000 1.000 1.000 1.000 1.000 1.000 
13.980 1.000 1.000 1.000 1.000 1.000 1.000 
13.990 1.000 1.000 1.000 1.000 1.000 1.000 
14.000 1.000 1.000 1.000 1.000 1.000 1.000 
14.010 1.000 1.000 1.000 1.000 1.000 1.000 
14.020 1.000 1.000 1.000 1.000 1.000 1.000 
14.030 1.000 1.000 1.000 1.000 1.000 1.000 
14.040 1.000 1.000 1.000 1.000 1.000 1.000 
14.050 1.000 1.000 1.000 1.000 1.000 1.000 
14.060 1.000 1.000 1.000 1.000 1.000 1.000 
14.070 1.000 1.000 1.000 1.000 1.000 1.000 
14.080 1.000 1.000 1.000 1.000 1.000 1.000 
14.090 1.000 1.000 1.000 1.000 1.000 1.000 
14.100 1.000 1.000 1.000 1.000 1.000 1.000 
14.110 1.000 1.000 1.000 1.000 1.000 1.000 
14.120 1.000 1.000 1.000 1.000 1.000 1.000 
14.130 1.000 1.000 1.000 1.000 1.000 1.000 
14.140 1.000 1.000 1.000 1.000 1.000 1.000 
14.150 1.000 1.000 1.000 1.000 1.000 1.000 
14.160 1.000 1.000 1.000 1.000 1.000 1.000 
14.170 1.000 1.000 1.000 1.000 1.000 1.000 
14.180 1.000 1.000 1.000 1.000 1.000 1.000 
14.190 1.000 1.000 1.000 1.000 1.000 1.000 
14.200 1.000 1.000 1.000 1.000 1.000 1.000 
14.210 1.000 1.000 1.000 1.000 1.000 1.000 
14.220 1.000 1.000 1.000 1.000 1.000 1.000 
14.230 1.000 1.000 1.000 1.000 1.000 1.000 
14.240 1.000 1.000 1.000 1.000 1.000 1.000 
14.250 1.000 1.000 1.000 1.000 1.000 1.000 
14.260 1.000 1.000 1.000 1.000 1.000 1.000 
14.270 1.000 1.000 1.000 1.000 1.000 1.000 
14.280 1.000 1.000 1.000 1.000 1.000 1.000 
14.290 1.000 1.000 1.000 1.000 1.000 1.000 
14.300 1.000 1.000 1.000 1.000 1.000 1.000 
14.310 1.000 1.000 1.000 1.000 1.000 1.000 
14.320 1.000 1.000 1.000 1.000 1.000 1.000 
14.330 1.000 1.000 1.000 1.000 1.000 1.000 
14.340 1.000 1.000 1.000 1.000 1.000 1.000 
14.350 1.000 1.000 1.000 1.000 1.000 1.000 
14.360 1.000 1.000 1.000 1.000 1.000 1.000 
14.370 1.000 1.000 1.000 1.000 1.000 1.000 
14.380 1.000 1.000 1.000 1.000 1.000 1.000 
14.390 1.000 1.000 1.000 1.000 1.000 1.000 
14.400 1.000 1.000 1.000 1.000 1.000 1.000 
14.410 1.000 1.000 1.000 1.000 1.000 1.000 
14.420 1.000 1.000 1.000 1.000 1.000 1.000 
14.430 1.000 1.000 1.000 1.000 1.000 1.000 
14.440 1.000 1.000 1.000 1.000 1.000 1.000 
14.450 1.000 1.000 1.000 1.000 1.000 1.000 
14.460 1.000 1.000 1.000 1.000 1.000 1.000 
14.470 1.000 1.000 1.000 1.000 1.000 1.000 
14.480 1.000 1.000 1.000 1.000 1.000 1.000 
14.490 1.000 1.000 1.000 1.000 1.000 1.000 
14.500 1.000 1.000 1.000 1.000 1.000 1.000 
14.510 1.000 1.000 1.000 1.000 1.000 1.000 
14.520 1.000 1.000 1.000 1.000 1.000 1.000 
14.530 1.000 1.000 1.000 1.000 1.000 1.000 
14.540 1.000 1.000 1.000 1.000 1.000 1.000 
14.550 1.000 1.000 1.000 1.000 1.000 1.000 
14.560 1.000 1.000 1.000 1.000 1.000 1.000 
14.570 1.000 1.000 1.000 1.000 1.000 1.000 
14.580 1.000 1.000 1.000 1.000 1.000 1.000 
14.590 1.000 1.000 1.000 1.000 1.000 1.000 
14.600 1.000 1.000 1.000 1.000 1.000 1.000 
14.610 1.000 1.000 1.000 1.000 1.000 1.000 
14.620 1.000 1.000 1.000 1.000 1.000 1.000 
14.630 1.000 1.000 1.000 1.000 1.000 1.000 
14.640 1.000 1.000 1.000 1.000 1.000 1.000 
14.650 1.000 1.000 1.000 1.000 1.000 1.000 
14.660 1.000 1.000 1.000 1.000 1.000 1.000 
14.670 1.000 1.000 1.000 1.000 1.000 1.000 
14.680 1.000 1.000 1.000 1.000 1.000 1.000 
14.690 1.000 1.000 1.000 1.000 1.000 1.000 
14.700 1.000 1.000 1.000 1.000 1.000 1.000 
14.710 1.000 1.000 1.000 1.000 1.000 1.000 
14.720 1.000 1.000 1.000 1.000 1.000 1.000 
14.730 1.000 1.000 1.000 1.000 1.000 1.000 
14.740 1.000 1.000 1.000 1.000 1.000 1.000 
14.750 1.000 1.000 1.000 1.000 1.000 1.000 
14.760 1.000 1.000 1.000 1.000 1.000 1.000 
14.770 1.000 1.000 1.000 1.000 1.000 1.000 
14.780 1.000 1.000 1.000 1.000 1.000 1.000 
14.790 1.000 1.000 1.000 1.000 1.000 1.000 
14.800 1.000 1.000 1.000 1.000 1.000 1.000 
14.810 1.000 1.000 1.000 1.000 1.000 1.000 
14.820 1.000 1.000 1.000 1.000 1.000 1.000 
14.830 1.000 1.000 1.000 1.000 1.000 1.000 
14.840 1.000 1.000 1.000 1.000 1.000 1.000 
14.850 1.000 1.000 1.000 1.000 1.000 1.000 
14.860 1.000 1.000 1.000 1.000 1.000 1.000 
14.870 1.000 1.000 1.000 1.000 1.000 1.000 
14.880 1.000 1.000 1.000 1.000 1.000 1.000 
14.890 1.000 1.000 1.000 1.000 1.000 1.000 
14.900 1.000 1.000 1.000 1.000 1.000 1.000 
14.910 1.000 1.000 1.000 1.000 1.000 1.000 
14.920 1.000 1.000 1.000 1.000 1.000 1.000 
14.930 1.000 1.000 1.000 1.000 1.000 1.000 
14.940 1.000 1.000 1.000 1.000 1.000 1.000 
14.950 1.000 1.000 1.000 1.000 1.000 1.000 
14.960 1.000 1.000 1.000 1.000 1.000 1.000 
14.970 1.000 1.000 1.000 1.000 1.000 1.000 
14.980 1.000 1.000 1.000 1.000 1.000 1.000 
14.990 1.000 1.000 1.000 1.000 1.000 1.000 
15.000 1.000 1.000 1.000 1.000 1.000 1.000 
