1 0.110855 
2 0.211722 
3 0.312589 
4 0.413455 
5 0.514322 
6 0.615189 
7 0.716178 
8 0.817478 
9 0.918489 
10 1.019478 
11 1.120344 
12 1.220989 
13 1.321744 
14 1.422489 
15 1.523322 
16 1.624156 
17 1.724989 
18 1.825822 
19 1.926656 
20 2.027489 
21 2.128322 
22 2.229156 
23 2.329989 
24 2.430822 
25 2.531778 
26 2.632644 
27 2.733511 
28 2.834378 
29 2.935244 
30 3.036111 
31 3.136978 
32 3.237844 
33 3.338711 
34 3.439578 
35 3.540444 
36 3.641311 
37 3.742078 
38 3.842944 
39 3.943811 
40 4.044678 
41 4.145544 
42 4.246411 
43 4.347278 
44 4.448144 
45 4.549011 
46 4.649878 
47 4.750744 
48 4.851611 
49 4.952478 
50 5.053344 
51 5.154211 
52 5.255189 
53 5.356056 
54 5.456922 
55 5.557789 
56 5.658533 
57 5.759400 
58 5.860267 
59 5.960933 
60 6.061867 
61 6.162822 
62 6.263589 
63 6.364456 
64 6.465322 
65 6.566089 
66 6.667011 
67 6.767767 
68 6.868633 
69 6.969500 
70 7.070256 
71 7.171122 
72 7.271989 
73 7.372856 
74 7.473722 
75 7.574489 
76 7.675356 
77 7.776222 
78 7.877089 
79 7.977956 
80 8.078822 
81 8.179689 
82 8.280556 
83 8.381422 
84 8.482289 
85 8.583156 
86 8.684022 
87 8.784889 
88 8.885656 
89 8.986522 
90 9.087389 
91 9.188256 
92 9.289122 
93 9.389989 
94 9.490856 
95 9.591722 
96 9.692589 
97 9.793456 
98 9.894322 
99 9.995189 
100 10.096056 
101 10.196922 
102 10.297789 
103 10.398656 
104 10.499522 
105 10.600389 
106 10.701256 
107 10.802122 
108 10.902989 
109 11.003856 
110 11.104722 
111 11.205589 
112 11.306456 
113 11.407322 
114 11.508189 
115 11.609056 
116 11.709922 
117 11.810789 
118 11.911656 
119 12.012522 
120 12.113389 
121 12.214256 
122 12.315122 
123 12.415989 
124 12.516856 
125 12.617722 
126 12.718589 
127 12.819456 
