11640 1 10 10
11641 1 1 10
11642 1 0 10
11643 1 0 3
11644 1 10 10
11645 1 10 10
11646 1 2 6
11647 1 0 10
11648 1 0 3
11649 1 0 10
11650 1 1 5
11651 1 1 2
11652 1 1 6
11653 1 0 3
11654 1 10 3
11655 1 0 2
11656 1 0 2
11657 1 0 10
11658 1 1 2
11659 1 0 2
11660 1 10 10
11661 1 1 6
11662 1 10 10
11663 1 0 2
11664 1 1 10
11665 1 0 1
11666 1 0 1
11667 1 10 10
11668 1 0 1
11669 1 0 0
11670 1 0 10
11671 1 0 10
11672 1 0 1
11673 1 1 10
11674 1 0 10
11675 1 10 10
11676 1 0 10
11677 1 0 0
11678 1 0 0
11679 1 0 0
11680 1 0 0
11681 1 1 6
11682 1 0 0
11683 1 0 10
11684 1 0 0
11685 2 2 1
11686 2 1 1
11687 2 2 1
11688 2 2 1
11689 2 2 4
11690 2 2 1
11691 2 2 1
11692 2 2 1
11693 2 6 4
11694 2 2 1
11695 2 2 0
11696 2 2 0
11697 2 2 0
11698 2 2 0
11699 2 2 8
11700 2 2 9
