11640 1 0 4
11641 1 0 4
11642 1 0 4
11643 1 0 4
11644 1 0 4
11645 1 0 3
11646 1 0 3
11647 1 0 3
11648 1 0 3
11649 1 0 3
11650 1 0 3
11651 1 0 3
11652 1 0 3
11653 1 0 3
11654 1 0 3
11655 1 0 2
11656 1 0 2
11657 1 0 2
11658 1 0 2
11659 1 0 2
11660 1 0 2
11661 1 0 2
11662 1 0 2
11663 1 0 2
11664 1 0 2
11665 1 0 1
11666 1 0 0
11667 1 0 1
11668 1 0 1
11669 1 0 1
11670 1 0 10
11671 1 0 1
11672 1 0 1
11673 1 0 1
11674 1 0 1
11675 1 0 0
11676 1 0 0
11677 1 0 0
11678 1 0 0
11679 1 0 0
11680 1 0 0
11681 1 0 0
11682 1 0 0
11683 1 0 0
11684 1 0 0
11685 2 2 1
11686 2 2 1
11687 2 2 1
11688 2 2 1
11689 2 2 1
11690 2 2 1
11691 2 2 1
11692 2 2 1
11693 2 2 1
11694 2 2 1
11695 2 2 0
11696 2 2 0
11697 2 2 0
11698 2 2 0
11699 2 2 0
11700 2 2 0
