11640 1 4
11641 1 4
11642 1 4
11643 1 4
11644 1 4
11645 1 3
11646 1 3
11647 1 3
11648 1 3
11649 1 3
11650 1 3
11651 1 3
11652 1 3
11653 1 3
11654 1 3
11655 1 2
11656 1 2
11657 1 2
11658 1 2
11659 1 2
11660 1 2
11661 1 2
11662 1 2
11663 1 2
11664 1 2
11665 1 1
11666 1 1
11667 1 1
11668 1 1
11669 1 1
11670 1 1
11671 1 1
11672 1 1
11673 1 1
11674 1 1
11675 1 0
11676 1 0
11677 1 0
11678 1 0
11679 1 0
11680 1 0
11681 1 0
11682 1 0
11683 1 0
11684 1 0
11685 2 21
11686 2 21
11687 2 21
11688 2 21
11689 2 21
11690 2 21
11691 2 21
11692 2 21
11693 2 21
11694 2 21
11695 2 20
11696 2 20
11697 2 20
11698 2 20
11699 2 20
11700 2 20