11640 1635997329.544547
11641 1635997329.647217
11642 1635997329.749888
11643 1635997329.857066
11644 1635997329.955451
11645 1635997330.057865
11646 1635997330.164067
11647 1635997330.263539
11648 1635997330.368288
11649 1635997330.472176
11650 1635997330.574864
11651 1635997330.677548
11652 1635997330.781259
11653 1635997330.883562
11654 1635997330.982116
11655 1635997331.084857
11656 1635997331.190389
11657 1635997331.290490
11658 1635997331.395285
11659 1635997331.497617
11660 1635997331.598610
11661 1635997331.701411
11662 1635997331.803809
11663 1635997331.907347
11664 1635997332.009007
11665 1635997332.111801
11666 1635997332.214637
11667 1635997332.317541
11668 1635997332.422224
11669 1635997332.524421
11670 1635997332.629628
11671 1635997332.732397
11672 1635997332.835120
11673 1635997332.937648
11674 1635997333.036642
11675 1635997333.139738
11676 1635997333.244628
11677 1635997333.344115
11678 1635997333.446956
11679 1635997333.549549
11680 1635997333.652314
11681 1635997333.758213
11682 1635997333.860082
11683 1635997333.963262
11684 1635997334.062945
11685 1635997334.169650
11686 1635997334.272560
11687 1635997334.371745
11688 1635997334.474036
11689 1635997334.579691
11690 1635997334.682398
11691 1635997334.782266
11692 1635997334.887807
11693 1635997334.986911
11694 1635997335.093171
11695 1635997335.196840
11696 1635997335.297069
11697 1635997335.398199
11698 1635997335.500864
11699 1635997335.605702
11700 1635997335.706155