1 0.255300 
2 0.355978 
3 0.456844 
4 0.557711 
5 0.658578 
6 0.759444 
7 0.860311 
8 0.961178 
9 1.062044 
10 1.162911 
11 1.263778 
12 1.364644 
13 1.465511 
14 1.566378 
15 1.667244 
16 1.768111 
17 1.868878 
18 1.969744 
19 2.070611 
20 2.171478 
21 2.272344 
22 2.373378 
23 2.474244 
24 2.575111 
25 2.675978 
26 2.776844 
27 2.877522 
28 2.978389 
29 3.079255 
30 3.180122 
31 3.280989 
32 3.381855 
33 3.482722 
34 3.583589 
35 3.684455 
36 3.785322 
37 3.886189 
38 3.987055 
39 4.087922 
40 4.188689 
41 4.289555 
42 4.390422 
43 4.491289 
44 4.592155 
45 4.693022 
46 4.794211 
47 4.895333 
48 4.996200 
49 5.096456 
50 5.197078 
51 5.297911 
52 5.398744 
53 5.499578 
54 5.600411 
55 5.701356 
56 5.802222 
57 5.903089 
58 6.003956 
59 6.104822 
60 6.205689 
61 6.306555 
62 6.407422 
63 6.508289 
64 6.609155 
65 6.710022 
66 6.810889 
67 6.911755 
68 7.012522 
69 7.113389 
70 7.214256 
71 7.315122 
72 7.415989 
73 7.516856 
74 7.617722 
75 7.718589 
76 7.819456 
77 7.920322 
78 8.021189 
79 8.122056 
80 8.222922 
81 8.323689 
82 8.424556 
83 8.525644 
84 8.626700 
85 8.727467 
86 8.828255 
87 8.929189 
88 9.030100 
89 9.130800 
90 9.231756 
91 9.332667 
92 9.433444 
93 9.534311 
94 9.635244 
95 9.736022 
96 9.836822 
97 9.937744 
98 10.038600 
99 10.139467 
100 10.240333 
101 10.341200 
102 10.442067 
103 10.542933 
104 10.643800 
105 10.744667 
106 10.845533 
107 10.946400 
108 11.047267 
109 11.148133 
110 11.248711 
111 11.349578 
112 11.450444 
113 11.551311 
114 11.652178 
115 11.753044 
116 11.853911 
117 11.954778 
118 12.055644 
119 12.156511 
120 12.257378 
121 12.358244 
122 12.459111 
123 12.559878 
124 12.660744 
125 12.761611 
126 12.862478 
127 12.963344 
128 13.064211 
129 13.165078 
130 13.265944 
131 13.366811 
132 13.467678 
133 13.568544 
134 13.669411 
135 13.770178 
136 13.871044 
137 13.971911 
138 14.072778 
139 14.173644 
140 14.274511 
141 14.375378 
142 14.476244 
143 14.577111 
144 14.677978 
145 14.778844 
146 14.879711 
147 14.980578 
148 15.081444 
149 15.182311 
150 15.282978 
151 15.383944 
152 15.484811 
153 15.585678 
154 15.686544 
155 15.787411 
156 15.888278 
157 15.989144 
158 16.090011 
159 16.190878 
160 16.291744 
161 16.392511 
