2567 1 10 0
2568 1 10 0
2569 1 10 6
2570 1 10 9
2571 1 10 9
2572 1 10 9
2573 1 10 9
2574 1 10 9
2575 1 10 3
2576 1 10 9
2577 1 10 9
2578 1 10 3
2579 1 10 9
2580 1 10 0
2581 1 10 2
2582 1 10 2
2583 1 10 0
2584 1 10 10
2585 1 10 2
2586 1 10 2
2587 1 10 6
2588 1 10 6
2589 1 10 8
2590 1 10 3
2591 1 10 7
2592 1 10 7
2593 1 10 7
2594 1 10 7
2595 1 10 3
2596 1 10 7
2597 1 10 7
2598 1 10 7
2599 1 10 7
2600 1 10 6
2601 1 10 6
2602 1 10 6
2603 1 10 6
2604 1 10 5
2605 1 10 6
2606 1 10 6
2607 1 10 6
2608 1 10 6
2609 1 10 5
2610 1 10 5
2611 1 10 5
2612 1 10 5
2613 1 10 5
2614 1 10 5
2615 1 10 5
2616 1 10 5
2617 1 10 5
2618 1 10 5
2619 1 10 4
2620 1 10 4
2621 1 10 9
2622 1 10 4
2623 1 10 4
2624 1 10 4
2625 1 10 4
2626 1 10 4
2627 1 10 9
2628 1 10 4
2629 1 10 3
2630 1 10 3
2631 1 10 2
2632 1 10 3
2633 1 10 3
2634 1 10 3
2635 1 10 3
2636 1 10 3
2637 1 10 3
2638 1 10 3
2639 1 10 2
2640 1 10 2
2641 1 10 2
2642 1 10 2
2643 1 10 2
2644 1 10 2
2645 1 10 2
2646 1 10 2
2647 1 10 2
2648 1 10 1
2649 1 10 1
2650 1 10 1
2651 1 10 1
2652 1 10 1
2653 1 10 1
2654 1 10 3
2655 1 10 1
2656 2 1 6
2657 2 1 6
2658 2 1 5
2659 2 1 5
2660 2 1 5
2661 2 1 5
2662 2 1 5
2663 2 1 5
2664 2 1 6
2665 2 1 5
2666 2 1 5
2667 2 1 4
2668 2 1 4
2669 2 1 4
2670 2 1 2
2671 2 1 4
2672 2 1 4
2673 2 1 4
2674 2 1 3
2675 2 1 4
2676 2 1 4
2677 2 1 9
2678 2 1 3
2679 2 1 3
2680 2 1 8
2681 2 1 3
2682 2 1 8
2683 2 1 8
2684 2 1 3
2685 2 1 3
2686 2 1 3
2687 2 1 2
2688 2 1 2
2689 2 1 2
2690 2 1 2
2691 2 1 2
2692 2 1 2
2693 2 1 2
2694 2 1 2
2695 2 1 2
2696 2 3 2
2697 2 1 3
2698 2 1 1
2699 2 1 8
2700 2 1 1
2701 2 1 3
2702 2 1 1
2703 2 1 1
2704 2 1 1
2705 2 1 1
2706 2 1 0
2707 2 1 6
2708 2 1 6
2709 2 1 0
2710 2 1 0
2711 2 1 0
2712 2 1 0
2713 2 1 0
2714 2 1 0
2715 2 1 0
2716 2 1 9
2717 2 10 9
2718 2 10 9
2719 2 1 9
2720 2 10 9
2721 2 1 9
2722 2 10 9
2723 2 10 9
2724 2 10 9
2725 2 10 9
2726 2 1 8
2727 2 10 6
2728 2 1 8
2729 2 1 8
2730 2 1 8
2731 2 1 8
2732 2 10 8
2733 2 1 8
2734 2 10 8
2735 2 1 8
2736 2 10 7
2737 2 10 7
2738 2 10 7
2739 2 10 7
