2567 1 10
2568 1 10
2569 1 10
2570 1 9
2571 1 9
2572 1 9
2573 1 9
2574 1 9
2575 1 9
2576 1 9
2577 1 9
2578 1 9
2579 1 9
2580 1 8
2581 1 8
2582 1 8
2583 1 8
2584 1 8
2585 1 8
2586 1 8
2587 1 8
2588 1 8
2589 1 8
2590 1 7
2591 1 7
2592 1 7
2593 1 7
2594 1 7
2595 1 7
2596 1 7
2597 1 7
2598 1 7
2599 1 7
2600 1 6
2601 1 6
2602 1 6
2603 1 6
2604 1 6
2605 1 6
2606 1 6
2607 1 6
2608 1 6
2609 1 5
2610 1 5
2611 1 5
2612 1 5
2613 1 5
2614 1 5
2615 1 5
2616 1 5
2617 1 5
2618 1 5
2619 1 4
2620 1 4
2621 1 4
2622 1 4
2623 1 4
2624 1 4
2625 1 4
2626 1 4
2627 1 4
2628 1 4
2629 1 3
2630 1 3
2631 1 3
2632 1 3
2633 1 3
2634 1 3
2635 1 3
2636 1 3
2637 1 3
2638 1 3
2639 1 2
2640 1 2
2641 1 2
2642 1 2
2643 1 2
2644 1 2
2645 1 2
2646 1 2
2647 1 2
2648 1 1
2649 1 1
2650 1 1
2651 1 1
2652 1 1
2653 1 1
2654 1 1
2655 1 1
2656 2 16
2657 2 16
2658 2 15
2659 2 15
2660 2 15
2661 2 15
2662 2 15
2663 2 15
2664 2 15
2665 2 15
2666 2 15
2667 2 14
2668 2 14
2669 2 14
2670 2 14
2671 2 14
2672 2 14
2673 2 14
2674 2 14
2675 2 14
2676 2 14
2677 2 13
2678 2 13
2679 2 13
2680 2 13
2681 2 13
2682 2 13
2683 2 13
2684 2 13
2685 2 13
2686 2 13
2687 2 12
2688 2 12
2689 2 12
2690 2 12
2691 2 12
2692 2 12
2693 2 12
2694 2 12
2695 2 12
2696 2 12
2697 2 11
2698 2 11
2699 2 11
2700 2 11
2701 2 11
2702 2 11
2703 2 11
2704 2 11
2705 2 11
2706 2 10
2707 2 10
2708 2 10
2709 2 10
2710 2 10
2711 2 10
2712 2 10
2713 2 10
2714 2 10
2715 2 10
2716 2 9
2717 2 9
2718 2 9
2719 2 9
2720 2 9
2721 2 9
2722 2 9
2723 2 9
2724 2 9
2725 2 9
2726 2 8
2727 2 8
2728 2 8
2729 2 8
2730 2 8
2731 2 8
2732 2 8
2733 2 8
2734 2 8
2735 2 8
2736 2 7
2737 2 7
2738 2 7
2739 2 7