15100 1636006251.282009
15101 1636006251.384316
15102 1636006251.487061
15103 1636006251.589434
15104 1636006251.693826
15105 1636006251.796488
15106 1636006251.897665
15107 1636006252.001719
15108 1636006252.102962
15109 1636006252.207228
15110 1636006252.308278
15111 1636006252.411566
15112 1636006252.514993
15113 1636006252.616626
15114 1636006252.720127
15115 1636006252.824545
15116 1636006252.927396
15117 1636006253.027403
15118 1636006253.130993
15119 1636006253.235988
15120 1636006253.335025
15121 1636006253.437800
15122 1636006253.544186
15123 1636006253.647591
15124 1636006253.747188
15125 1636006253.849207
15126 1636006253.954716
15127 1636006254.055919
15128 1636006254.160420
15129 1636006254.264651
15130 1636006254.365764
15131 1636006254.474754
15132 1636006254.571021
15133 1636006254.673501
15134 1636006254.772856
15135 1636006254.879187
15136 1636006254.978045
15137 1636006255.084953
15138 1636006255.187088
15139 1636006255.286461
15140 1636006255.389121
15141 1636006255.491764
15142 1636006255.595912
15143 1636006255.697263
15144 1636006255.799597
15145 1636006255.902339
15146 1636006256.005527
15147 1636006256.107807
15148 1636006256.210418
15149 1636006256.315876
15150 1636006256.418884
15151 1636006256.522883
15152 1636006256.621583
15153 1636006256.723807
15154 1636006256.827957
15155 1636006256.933429
15156 1636006257.032371
15157 1636006257.137276
15158 1636006257.238204
15159 1636006257.339803
15160 1636006257.442655
15161 1636006257.548631
15162 1636006257.649937
15163 1636006257.750888
15164 1636006257.853563
15165 1636006257.959560
15166 1636006258.061194
15167 1636006258.164939
15168 1636006258.265559
15169 1636006258.367007
15170 1636006258.469541
15171 1636006258.573411
15172 1636006258.678879
15173 1636006258.780121
15174 1636006258.882367
15175 1636006258.982686
15176 1636006259.085268
15177 1636006259.187963
15178 1636006259.293978
15179 1636006259.397979
15180 1636006259.500006
15181 1636006259.602426
15182 1636006259.705642
15183 1636006259.808119
15184 1636006259.907246
15185 1636006260.010071
15186 1636006260.115942
15187 1636006260.218497
15188 1636006260.317609
15189 1636006260.420563
15190 1636006260.523591
15191 1636006260.627761
15192 1636006260.729129
15193 1636006260.832448
15194 1636006260.934579
15195 1636006261.036981
15196 1636006261.139128
15197 1636006261.242496
15198 1636006261.345682
15199 1636006261.448218
15200 1636006261.550354
15201 1636006261.654413
15202 1636006261.755585
15203 1636006261.859311
15204 1636006261.962362
15205 1636006262.067379
15206 1636006262.169822
15207 1636006262.271789
15208 1636006262.371790
15209 1636006262.475283
15210 1636006262.577542
15211 1636006262.679624
15212 1636006262.782424
15213 1636006262.887883
15214 1636006262.987589
15215 1636006263.090607
15216 1636006263.195236
15217 1636006263.296583
15218 1636006263.399990
15219 1636006263.501216
15220 1636006263.607352
15221 1636006263.706690
15222 1636006263.809339
15223 1636006263.914706
15224 1636006264.014973
15225 1636006264.120444
15226 1636006264.221586
15227 1636006264.324561
15228 1636006264.428875
15229 1636006264.530865
15230 1636006264.632533
15231 1636006264.736647
15232 1636006264.836390
15233 1636006264.938786
15234 1636006265.041254
15235 1636006265.143942
15236 1636006265.248236
15237 1636006265.351387
15238 1636006265.455796
15239 1636006265.555045
15240 1636006265.659136
15241 1636006265.761104
15242 1636006265.863545
15243 1636006265.969038
15244 1636006266.071822
15245 1636006266.170541
15246 1636006266.273433
15247 1636006266.377672
15248 1636006266.478897
15249 1636006266.581724
15250 1636006266.684400