1 2 12
2 2 12
3 2 12
4 2 12
5 2 12
6 2 12
7 2 11
8 2 11
9 2 11
10 2 11
11 2 11
12 2 11
13 2 11
14 2 11
15 2 11
16 2 11
17 2 10
18 2 10
19 2 10
20 2 10
21 2 10
22 2 10
23 2 10
24 2 10
25 2 10
26 2 10
27 2 9
28 2 9
29 2 9
30 2 9
31 2 9
32 2 9
33 2 9
34 2 9
35 2 9
36 2 9
37 2 8
38 2 8
39 2 8
40 2 8
41 2 8
42 2 8
43 2 8
44 2 8
45 2 8
46 2 8
47 2 7
48 2 7
49 2 7
50 2 7
51 2 7
52 2 7
53 2 7
54 2 7
55 2 7
56 2 7
57 2 6
58 2 6
59 2 6
60 2 6
61 2 6
62 2 6
63 2 6
64 2 6
65 2 6
66 2 6
67 2 5
68 2 5
69 2 5
70 2 5
71 2 5
72 2 5
73 2 5
74 2 5
75 2 5
76 2 5
77 2 4
78 2 4
79 2 4
80 2 4
81 2 4
82 2 4
83 2 4
84 2 4
85 2 4
86 2 4
87 2 3
88 2 3
89 2 3
90 2 3
91 2 3
92 2 3
93 2 3
94 2 3
95 2 3
96 2 3
97 2 2
98 2 2
99 2 2
100 2 2
101 2 2
102 2 2
103 2 2
104 2 2
105 2 2
106 2 2
107 2 1
108 2 1
109 2 1
110 2 1
111 2 1
112 2 1
113 2 1
114 1 87
115 1 87
116 1 87
117 1 87
118 1 86
119 1 86
120 1 86
121 1 86
122 1 86
123 1 86
124 1 86
125 1 86
126 1 86
127 1 86
128 1 85
129 1 85
130 1 85
131 1 85
132 1 85
133 1 85
134 1 85
135 1 85
136 1 85
137 1 85
138 1 84
139 1 84
140 1 84
141 1 84
142 1 84
143 1 84
144 1 84
145 1 84
146 1 84
147 1 84
148 1 83
149 1 83
150 1 83
151 1 83
152 1 83
153 1 83
154 1 83
155 1 83
156 1 83
157 1 83
158 1 82
159 1 82
160 1 82
161 1 82
162 1 82
163 1 82
164 1 82
165 1 82
166 1 82
167 1 82
168 1 81
169 1 81
170 1 81
171 1 81
172 1 81
173 1 81
174 1 81
175 1 81
176 1 81
177 1 81
178 1 80
179 1 80
180 1 80
