1 0.173867 
2 0.274733 
3 0.375600 
4 0.476467 
5 0.577333 
6 0.678200 
7 0.779067 
8 0.879933 
9 0.980800 
10 1.081667 
11 1.182533 
12 1.283400 
13 1.384267 
14 1.485133 
15 1.586000 
16 1.686867 
17 1.787733 
18 1.888600 
19 1.989467 
20 2.090333 
21 2.191200 
22 2.292067 
23 2.392933 
24 2.493800 
25 2.594667 
26 2.695533 
27 2.796400 
28 2.897267 
29 2.998133 
30 3.099000 
31 3.199867 
32 3.300733 
33 3.401600 
34 3.502467 
35 3.603333 
36 3.704200 
37 3.804867 
38 3.905778 
39 4.006578 
40 4.107378 
41 4.208322 
42 4.309189 
43 4.410056 
44 4.510922 
45 4.611789 
46 4.712656 
47 4.813522 
48 4.914389 
49 5.015256 
50 5.116122 
51 5.216989 
52 5.317856 
53 5.418522 
54 5.519489 
55 5.620355 
56 5.721222 
57 5.822089 
58 5.922955 
59 6.023822 
60 6.124689 
61 6.225555 
62 6.326422 
63 6.427289 
64 6.528156 
65 6.629022 
66 6.729889 
67 6.830655 
68 6.931522 
69 7.032389 
70 7.133255 
71 7.234122 
72 7.334989 
73 7.435855 
74 7.536722 
75 7.637589 
76 7.738455 
77 7.839322 
78 7.940189 
79 8.041056 
80 8.141922 
81 8.242689 
82 8.343556 
83 8.444422 
84 8.545289 
85 8.646156 
86 8.747022 
87 8.847889 
88 8.948756 
89 9.049622 
90 9.150489 
91 9.251356 
92 9.352222 
93 9.453089 
94 9.553956 
95 9.654822 
96 9.755589 
97 9.856455 
98 9.957322 
99 10.058189 
100 10.159055 
101 10.259922 
102 10.360789 
103 10.461656 
104 10.562522 
105 10.663389 
106 10.764256 
107 10.865122 
108 10.965989 
109 11.066755 
110 11.167622 
111 11.268489 
112 11.369355 
113 11.470222 
114 11.570978 
115 11.671733 
116 11.772678 
117 11.873622 
118 11.974378 
119 12.075133 
120 12.176078 
121 12.277022 
122 12.377755 
123 12.478533 
124 12.579455 
125 12.680378 
126 12.781167 
127 12.881956 
128 12.982889 
129 13.083800 
130 13.184500 
131 13.285467 
132 13.386333 
133 13.487200 
134 13.588067 
135 13.688933 
136 13.789800 
137 13.890667 
138 13.991533 
139 14.092400 
140 14.193267 
141 14.294133 
142 14.395000 
143 14.495667 
144 14.596611 
145 14.697444 
146 14.798278 
147 14.899111 
148 14.999944 
149 15.100778 
150 15.201611 
151 15.302622 
152 15.403367 
153 15.504233 
154 15.605100 
155 15.705967 
156 15.806833 
157 15.907700 
158 16.008567 
159 16.109433 
160 16.210300 
161 16.311167 
162 16.412033 
163 16.512900 
164 16.613767 
165 16.714633 
166 16.815500 
167 16.916367 
168 17.017233 
169 17.118100 
170 17.218967 
171 17.319733 
172 17.420600 
173 17.521467 
174 17.622333 
175 17.723200 
176 17.824067 
177 17.924933 
178 18.025800 
179 18.126667 
180 18.227533 
