6949 1 10 7
6950 1 10 7
6951 1 10 6
6952 1 10 6
6953 1 10 6
6954 1 7 6
6955 1 10 6
6956 1 10 6
6957 1 10 5
6958 1 10 6
6959 1 10 6
6960 1 10 6
6961 1 10 5
6962 1 10 5
6963 1 10 5
6964 1 10 5
6965 1 10 5
6966 1 10 5
6967 1 10 5
6968 1 10 5
6969 1 10 5
6970 1 10 4
6971 1 10 4
6972 1 10 4
6973 1 10 5
6974 1 7 5
6975 1 10 4
6976 1 10 4
6977 1 10 4
6978 1 10 4
6979 1 10 4
6980 1 10 3
6981 1 10 3
6982 1 10 3
6983 1 10 3
6984 1 10 6
6985 1 10 3
6986 1 7 3
6987 1 10 3
6988 1 10 3
6989 1 10 3
6990 1 10 2
6991 1 10 2
6992 1 10 2
6993 1 7 2
6994 1 10 2
6995 1 7 3
6996 1 10 2
6997 1 10 2
6998 1 10 2
6999 1 10 2
7000 1 10 1
7001 1 10 1
7002 1 10 1
7003 1 10 1
7004 1 10 1
7005 1 10 10
7006 1 10 1
7007 1 10 1
7008 1 10 1
7009 2 3 3
7010 2 3 3
7011 2 3 3
7012 2 3 3
7013 2 3 8
7014 2 3 3
7015 2 3 9
7016 2 3 3
7017 2 3 3
7018 2 3 3
7019 2 3 2
7020 2 3 2
7021 2 3 2
7022 2 3 2
7023 2 3 2
7024 2 3 2
7025 2 3 2
7026 2 3 2
7027 2 3 2
7028 2 3 1
7029 2 3 1
7030 2 3 1
7031 2 3 1
7032 2 3 1
7033 2 3 1
7034 2 3 1
7035 2 3 3
7036 2 3 1
7037 2 3 1
7038 2 3 0
7039 2 3 0
7040 2 3 8
7041 2 3 8
7042 2 3 0
7043 2 3 0
7044 2 3 0
7045 2 3 0
7046 2 3 8
7047 2 3 8
7048 2 2 9
7049 2 2 9
7050 2 6 8
7051 2 6 9
7052 2 5 9
7053 2 2 9
7054 2 2 9
7055 2 2 9
7056 2 2 9
7057 2 2 9
7058 2 2 8
7059 2 2 8
7060 2 2 8
7061 2 2 8
7062 2 2 8
7063 2 2 8
7064 2 2 8
7065 2 2 8
7066 2 2 8
7067 2 2 7
7068 2 2 7
7069 2 2 7
7070 2 2 3
7071 2 2 7
7072 2 2 7
7073 2 2 7
7074 2 2 7
7075 2 2 7
7076 2 2 7
7077 2 2 5
7078 2 2 6
7079 2 2 6
7080 2 2 6
7081 2 2 6
7082 2 2 6
7083 2 2 6
7084 2 2 6
7085 2 2 6
7086 2 2 6
7087 2 2 5
7088 2 2 5
7089 2 2 5
7090 2 5 5
7091 2 2 5
7092 2 6 5
7093 2 2 5
7094 2 2 5
7095 2 2 5
7096 2 2 5
7097 2 2 4
7098 2 2 9
7099 2 2 4
7100 2 2 4
