6949 1 7
6950 1 7
6951 1 6
6952 1 6
6953 1 6
6954 1 6
6955 1 6
6956 1 6
6957 1 6
6958 1 6
6959 1 6
6960 1 6
6961 1 5
6962 1 5
6963 1 5
6964 1 5
6965 1 5
6966 1 5
6967 1 5
6968 1 5
6969 1 5
6970 1 4
6971 1 4
6972 1 4
6973 1 4
6974 1 4
6975 1 4
6976 1 4
6977 1 4
6978 1 4
6979 1 4
6980 1 3
6981 1 3
6982 1 3
6983 1 3
6984 1 3
6985 1 3
6986 1 3
6987 1 3
6988 1 3
6989 1 3
6990 1 2
6991 1 2
6992 1 2
6993 1 2
6994 1 2
6995 1 2
6996 1 2
6997 1 2
6998 1 2
6999 1 2
7000 1 1
7001 1 1
7002 1 1
7003 1 1
7004 1 1
7005 1 1
7006 1 1
7007 1 1
7008 1 1
7009 2 33
7010 2 33
7011 2 33
7012 2 33
7013 2 33
7014 2 33
7015 2 33
7016 2 33
7017 2 33
7018 2 33
7019 2 32
7020 2 32
7021 2 32
7022 2 32
7023 2 32
7024 2 32
7025 2 32
7026 2 32
7027 2 32
7028 2 31
7029 2 31
7030 2 31
7031 2 31
7032 2 31
7033 2 31
7034 2 31
7035 2 31
7036 2 31
7037 2 31
7038 2 30
7039 2 30
7040 2 30
7041 2 30
7042 2 30
7043 2 30
7044 2 30
7045 2 30
7046 2 30
7047 2 30
7048 2 29
7049 2 29
7050 2 29
7051 2 29
7052 2 29
7053 2 29
7054 2 29
7055 2 29
7056 2 29
7057 2 29
7058 2 28
7059 2 28
7060 2 28
7061 2 28
7062 2 28
7063 2 28
7064 2 28
7065 2 28
7066 2 28
7067 2 27
7068 2 27
7069 2 27
7070 2 27
7071 2 27
7072 2 27
7073 2 27
7074 2 27
7075 2 27
7076 2 27
7077 2 26
7078 2 26
7079 2 26
7080 2 26
7081 2 26
7082 2 26
7083 2 26
7084 2 26
7085 2 26
7086 2 26
7087 2 25
7088 2 25
7089 2 25
7090 2 25
7091 2 25
7092 2 25
7093 2 25
7094 2 25
7095 2 25
7096 2 25
7097 2 24
7098 2 24
7099 2 24
7100 2 24