4444 1 10 3
4445 1 0 0
4446 1 0 9
4447 1 10 10
4448 1 10 10
4449 1 1 10
4450 1 10 9
4451 1 0 9
4452 1 0 5
4453 1 6 10
4454 1 10 10
4455 1 0 10
4456 1 0 2
4457 1 0 0
4458 1 10 2
4459 1 0 2
4460 1 0 2
4461 1 0 0
4462 1 10 10
4463 1 0 3
4464 1 0 10
4465 1 0 10
4466 1 0 10
4467 1 0 10
4468 1 10 10
4469 1 0 10
4470 1 0 10
4471 1 0 10
4472 1 10 3
4473 1 0 2
4474 1 0 10
4475 1 0 3
4476 1 0 10
4477 1 0 0
4478 1 0 5
4479 1 0 10
4480 1 0 3
4481 1 1 5
4482 1 10 2
4483 1 0 9
4484 1 10 3
4485 1 10 5
4486 1 10 3
4487 1 0 10
4488 1 10 10
4489 1 2 5
4490 1 0 5
4491 1 10 3
4492 1 0 9
4493 1 0 10
4494 1 0 10
4495 1 10 3
4496 1 0 10
4497 1 1 10
4498 1 0 10
4499 1 0 10
4500 1 0 10
4501 1 0 10
4502 1 6 10
4503 1 0 2
4504 1 0 2
4505 1 0 2
4506 1 1 2
4507 1 10 2
4508 1 10 10
4509 1 10 2
4510 1 0 10
4511 1 10 10
4512 1 2 0
4513 1 0 2
4514 1 10 2
4515 1 0 9
4516 1 0 3
4517 1 0 2
4518 1 0 3
4519 1 0 2
4520 1 0 2
4521 1 0 3
4522 1 10 9
4523 1 0 10
4524 1 0 10
4525 1 0 10
4526 1 0 10
4527 1 0 10
4528 1 6 10
4529 1 0 10
4530 1 0 10
4531 1 2 10
4532 1 0 10
4533 2 2 6
4534 2 2 6
4535 2 2 6
4536 2 2 5
4537 2 2 6
4538 2 2 6
4539 2 2 5
4540 2 2 5
4541 2 2 5
4542 2 2 5
4543 2 2 6
4544 2 2 5
4545 2 2 5
4546 2 2 5
4547 2 2 5
4548 2 2 5
4549 2 2 5
4550 2 2 5
4551 2 2 5
4552 2 2 5
4553 2 2 5
4554 2 2 4
4555 2 2 4
4556 2 2 4
4557 2 2 4
4558 2 2 4
4559 2 2 6
4560 2 2 4
4561 2 2 4
4562 2 2 4
4563 2 2 4
4564 2 2 9
4565 2 2 3
4566 2 2 3
4567 2 2 3
