6740 2 10 8
6741 2 10 8
6742 2 10 8
6743 2 10 8
6744 2 10 8
6745 2 10 8
6746 2 10 8
6747 2 10 8
6748 2 10 7
6749 2 10 7
6750 2 10 7
6751 2 10 7
6752 2 10 7
6753 2 10 7
6754 2 10 7
6755 2 10 7
6756 2 10 7
6757 2 10 7
6758 2 10 6
6759 2 10 6
6760 2 10 6
6761 2 10 6
6762 2 10 6
6763 2 10 6
6764 2 10 6
6765 2 10 6
6766 2 10 6
6767 2 10 5
6768 2 10 5
6769 2 10 5
6770 2 10 5
6771 2 10 5
6772 2 10 5
6773 2 10 5
6774 2 10 5
6775 2 10 5
6776 2 1 5
6777 2 10 4
6778 2 10 4
6779 2 1 4
6780 2 10 4
6781 2 10 4
6782 2 10 4
6783 2 10 4
6784 2 10 4
6785 2 10 4
6786 2 10 4
6787 2 10 3
6788 2 10 3
6789 2 10 3
6790 2 10 3
6791 2 10 3
6792 2 10 3
6793 2 10 3
6794 2 10 3
6795 2 10 3
6796 2 10 2
6797 2 1 2
6798 2 10 2
6799 2 10 2
6800 2 10 2
6801 2 10 2
6802 2 10 2
6803 2 10 2
6804 2 10 2
6805 2 10 2
6806 2 10 1
6807 2 10 1
6808 2 10 1
6809 2 10 1
6810 2 10 1
6811 2 10 1
6812 2 10 1
6813 2 10 1
6814 2 10 1
6815 2 10 1
6816 3 10 2
6817 3 10 2
6818 3 10 2
6819 3 10 2
6820 3 10 2
6821 3 10 2
6822 3 10 2
6823 3 10 2
6824 3 10 2
6825 3 10 2
6826 3 10 1
6827 3 10 1
6828 3 10 1
6829 3 10 1
6830 3 10 1
6831 3 10 1
6832 3 10 1
6833 3 10 1
6834 3 10 1
6835 3 10 1
6836 1 1 8
6837 1 1 6
6838 1 1 8
6839 1 1 8
6840 1 1 8
6841 1 1 8
6842 1 1 8
6843 1 1 8
6844 1 1 8
6845 1 1 8
6846 1 1 7
6847 1 1 7
6848 1 1 7
6849 1 1 7
6850 1 1 7
6851 1 1 7
6852 1 1 7
6853 1 1 7
6854 1 1 7
6855 1 1 7
6856 1 1 6
6857 1 1 6
6858 1 1 6
6859 1 1 6
6860 1 1 6
6861 1 1 6
6862 1 1 6
6863 1 1 6
6864 1 1 6
6865 1 1 5
6866 1 1 5
6867 1 1 5
6868 1 1 5
6869 1 1 5
6870 1 1 5
6871 1 1 5
6872 1 1 5
6873 1 1 5
6874 1 1 5
6875 1 1 4
6876 1 1 4
6877 1 1 4
6878 1 1 4
6879 1 1 4
6880 1 1 4
6881 1 1 4
6882 1 1 4
6883 1 1 4
6884 1 1 4
6885 1 1 3
6886 1 1 3
6887 1 1 3
6888 1 1 3
6889 1 1 3
6890 1 1 3
6891 1 1 3
6892 1 1 3
6893 1 1 3
6894 1 1 3
6895 1 1 2
6896 1 1 2
6897 1 1 2
6898 1 1 2
6899 1 1 2
6900 1 1 2
