6740 1636005388.329746
6741 1636005388.431553
6742 1636005388.538247
6743 1636005388.640297
6744 1636005388.742941
6745 1636005388.842555
6746 1636005388.945560
6747 1636005389.050684
6748 1636005389.152346
6749 1636005389.253060
6750 1636005389.359629
6751 1636005389.458574
6752 1636005389.561884
6753 1636005389.663849
6754 1636005389.766318
6755 1636005389.873520
6756 1636005389.972849
6757 1636005390.075693
6758 1636005390.177257
6759 1636005390.279877
6760 1636005390.382620
6761 1636005390.485436
6762 1636005390.593199
6763 1636005390.694529
6764 1636005390.797510
6765 1636005390.896289
6766 1636005390.998711
6767 1636005391.105873
6768 1636005391.204178
6769 1636005391.307454
6770 1636005391.409659
6771 1636005391.512825
6772 1636005391.616236
6773 1636005391.717725
6774 1636005391.820487
6775 1636005391.923681
6776 1636005392.027268
6777 1636005392.129992
6778 1636005392.231443
6779 1636005392.334048
6780 1636005392.436452
6781 1636005392.539162
6782 1636005392.641863
6783 1636005392.744397
6784 1636005392.850913
6785 1636005392.951669
6786 1636005393.056399
6787 1636005393.158830
6788 1636005393.261675
6789 1636005393.364295
6790 1636005393.467375
6791 1636005393.565951
6792 1636005393.668691
6793 1636005393.771865
6794 1636005393.878366
6795 1636005393.980925
6796 1636005394.079239
6797 1636005394.182219
6798 1636005394.284916
6799 1636005394.387830
6800 1636005394.490776
6801 1636005394.595892
6802 1636005394.695814
6803 1636005394.798203
6804 1636005394.900803
6805 1636005395.003889
6806 1636005395.106433
6807 1636005395.209278
6808 1636005395.312280
6809 1636005395.414553
6810 1636005395.516980
6811 1636005395.619662
6812 1636005395.722728
6813 1636005395.825915
6814 1636005395.930705
6815 1636005396.033393
6816 1636005396.135825
6817 1636005396.235795
6818 1636005396.342306
6819 1636005396.441022
6820 1636005396.544306
6821 1636005396.647370
6822 1636005396.750490
6823 1636005396.852270
6824 1636005396.957609
6825 1636005397.060061
6826 1636005397.161023
6827 1636005397.266606
6828 1636005397.365395
6829 1636005397.468259
6830 1636005397.570644
6831 1636005397.674917
6832 1636005397.780005
6833 1636005397.882651
6834 1636005397.981388
6835 1636005398.084643
6836 1636005398.187027
6837 1636005398.290011
6838 1636005398.395591
6839 1636005398.496375
6840 1636005398.601241
6841 1636005398.700302
6842 1636005398.802952
6843 1636005398.905359
6844 1636005399.008258
6845 1636005399.111447
6846 1636005399.213421
6847 1636005399.316542
6848 1636005399.419423
6849 1636005399.523440
6850 1636005399.627547
6851 1636005399.730429
6852 1636005399.832853
6853 1636005399.935452
6854 1636005400.035664
6855 1636005400.140624
6856 1636005400.243112
6857 1636005400.343224
6858 1636005400.449397
6859 1636005400.548825
6860 1636005400.654838
6861 1636005400.754760
6862 1636005400.858444
6863 1636005400.963903
6864 1636005401.062335
6865 1636005401.165743
6866 1636005401.267411
6867 1636005401.370014
6868 1636005401.473636
6869 1636005401.577216
6870 1636005401.678284
6871 1636005401.781033
6872 1636005401.883630
6873 1636005401.986801
6874 1636005402.088555
6875 1636005402.192375
6876 1636005402.297566
6877 1636005402.396995
6878 1636005402.500155
6879 1636005402.602473
6880 1636005402.705394
6881 1636005402.807982
6882 1636005402.910412
6883 1636005403.013846
6884 1636005403.115866
6885 1636005403.222066
6886 1636005403.321181
6887 1636005403.424284
6888 1636005403.530225
6889 1636005403.629625
6890 1636005403.732405
6891 1636005403.834828
6892 1636005403.936959
6893 1636005404.040353
6894 1636005404.142552
6895 1636005404.245463
6896 1636005404.350151
6897 1636005404.454214
6898 1636005404.557476
6899 1636005404.656126
6900 1636005404.761946