6949 1636005409.996017
6950 1636005410.098850
6951 1636005410.201247
6952 1636005410.303581
6953 1636005410.406792
6954 1636005410.509872
6955 1636005410.612896
6956 1636005410.714491
6957 1636005410.817512
6958 1636005410.920143
6959 1636005411.022880
6960 1636005411.128885
6961 1636005411.229152
6962 1636005411.333723
6963 1636005411.433816
6964 1636005411.539072
6965 1636005411.641429
6966 1636005411.741392
6967 1636005411.844567
6968 1636005411.949555
6969 1636005412.052988
6970 1636005412.155628
6971 1636005412.258139
6972 1636005412.361899
6973 1636005412.462081
6974 1636005412.566415
6975 1636005412.669144
6976 1636005412.772802
6977 1636005412.871570
6978 1636005412.974716
6979 1636005413.077901
6980 1636005413.182934
6981 1636005413.281980
6982 1636005413.387044
6983 1636005413.486932
6984 1636005413.590033
6985 1636005413.693274
6986 1636005413.795182
6987 1636005413.898726
6988 1636005414.004543
6989 1636005414.103411
6990 1636005414.206187
6991 1636005414.308752
6992 1636005414.414283
6993 1636005414.514087
6994 1636005414.619786
6995 1636005414.722842
6996 1636005414.825848
6997 1636005414.928645
6998 1636005415.029303
6999 1636005415.130807
7000 1636005415.233496
7001 1636005415.336428
7002 1636005415.438288
7003 1636005415.544161
7004 1636005415.643832
7005 1636005415.749056
7006 1636005415.851935
7007 1636005415.955056
7008 1636005416.057365
7009 1636005416.156884
7010 1636005416.260517
7011 1636005416.366139
7012 1636005416.465787
7013 1636005416.568120
7014 1636005416.670251
7015 1636005416.772907
7016 1636005416.877315
7017 1636005416.981563
7018 1636005417.081386
7019 1636005417.183807
7020 1636005417.286467
7021 1636005417.389468
7022 1636005417.494314
7023 1636005417.595108
7024 1636005417.698247
7025 1636005417.803342
7026 1636005417.902870
7027 1636005418.005779
7028 1636005418.111808
7029 1636005418.212728
7030 1636005418.313809
7031 1636005418.416510
7032 1636005418.518915
7033 1636005418.621552
7034 1636005418.728436
7035 1636005418.830021
7036 1636005418.930558
7037 1636005419.033300
7038 1636005419.137495
7039 1636005419.241032
7040 1636005419.343939
7041 1636005419.443966
7042 1636005419.550038
7043 1636005419.652439
7044 1636005419.755706
7045 1636005419.858495
7046 1636005419.960358
7047 1636005420.059960
7048 1636005420.162678
7049 1636005420.265997
7050 1636005420.366947
7051 1636005420.470167
7052 1636005420.572735
7053 1636005420.679378
7054 1636005420.778810
7055 1636005420.884751
7056 1636005420.983505
7057 1636005421.086293
7058 1636005421.189014
7059 1636005421.293409
7060 1636005421.394179
7061 1636005421.500866
7062 1636005421.599874
7063 1636005421.702401
7064 1636005421.805110
7065 1636005421.907625
7066 1636005422.011151
7067 1636005422.116505
7068 1636005422.218213
7069 1636005422.321448
7070 1636005422.424543
7071 1636005422.524204
7072 1636005422.627916
7073 1636005422.729496
7074 1636005422.832240
7075 1636005422.937473
7076 1636005423.037858
7077 1636005423.142231
7078 1636005423.247115
7079 1636005423.345681
7080 1636005423.448676
7081 1636005423.554710
7082 1636005423.657342
7083 1636005423.759362
7084 1636005423.862920
7085 1636005423.965685
7086 1636005424.063914
7087 1636005424.167317
7088 1636005424.269856
7089 1636005424.372103
7090 1636005424.475564
7091 1636005424.578794
7092 1636005424.680533
7093 1636005424.782823
7094 1636005424.888820
7095 1636005424.988373
7096 1636005425.091256
7097 1636005425.193963
7098 1636005425.297676
7099 1636005425.398603
7100 1636005425.501720