22391 1 2 1
22392 1 2 1
22393 1 2 1
22394 1 2 1
22395 1 2 1
22396 1 2 0
22397 1 2 0
22398 1 2 0
22399 1 2 0
22400 1 2 0
22401 1 2 0
22402 1 2 0
22403 1 2 0
22404 1 2 0
22405 1 2 0
22406 1 1 9
22407 1 1 9
22408 1 1 9
22409 1 1 9
22410 1 1 9
22411 1 1 9
22412 1 1 9
22413 1 1 9
22414 1 1 9
22415 1 1 8
22416 1 1 8
22417 1 1 8
22418 1 1 8
22419 1 1 8
22420 1 1 8
22421 1 1 8
22422 1 2 8
22423 1 1 8
22424 1 1 8
22425 1 1 7
22426 1 1 6
22427 1 1 7
22428 1 1 7
22429 1 1 7
22430 1 1 7
22431 1 1 7
22432 1 1 6
22433 1 1 7
22434 1 1 7
22435 1 1 6
22436 1 1 6
22437 1 1 6
22438 1 1 6
22439 1 1 6
22440 1 1 6
22441 1 1 6
22442 1 1 6
22443 1 1 6
22444 1 1 6
22445 1 1 5
22446 1 1 5
22447 1 1 5
22448 1 1 5
22449 1 1 5
22450 1 1 5
22451 1 1 5
22452 1 1 5
22453 1 1 5
22454 1 1 4
22455 1 1 4
22456 1 1 4
22457 1 1 4
22458 1 1 4
22459 1 1 4
22460 1 1 4
22461 1 1 4
22462 1 1 4
22463 1 1 4
22464 1 1 3
22465 1 1 3
22466 1 1 3
22467 1 1 3
22468 1 1 3
22469 1 1 3
22470 1 1 3
22471 1 1 3
22472 1 1 3
22473 1 1 3
22474 1 1 2
22475 1 1 2
22476 1 1 2
22477 1 1 2
22478 1 1 2
22479 1 1 2
22480 1 1 2
22481 1 1 2
22482 1 1 2
22483 1 1 2
22484 1 1 1
22485 1 1 1
22486 1 1 1
22487 1 1 1
22488 1 1 1
22489 1 1 1
22490 1 1 1
22491 1 1 1
22492 1 1 1
22493 1 1 0
22494 1 1 0
22495 1 1 0
22496 1 1 0
22497 1 1 0
22498 1 1 0
22499 1 1 0
22500 1 1 0
22501 1 1 6
22502 1 1 0
22503 1 10 9
22504 1 10 9
22505 1 10 9
22506 1 10 9
22507 1 10 9
22508 1 10 9
22509 1 10 9
22510 1 10 9
22511 1 10 9
22512 1 10 9
22513 1 10 8
22514 1 10 8
22515 1 10 8
22516 1 10 8
22517 1 10 8
22518 1 10 8
22519 1 10 8
22520 1 10 8
22521 1 10 8
22522 1 10 8
22523 1 10 6
22524 1 10 7
22525 1 10 7
22526 1 10 6
22527 1 10 6
22528 1 10 6
22529 1 10 7
22530 1 10 7
22531 1 10 6
22532 1 10 6
22533 1 10 6
22534 1 10 6
22535 1 10 6
22536 1 10 6
22537 1 10 6
22538 1 10 6
22539 1 10 6
22540 1 10 6
22541 1 10 6
22542 1 10 5
22543 1 10 5
22544 1 10 5
22545 1 10 5
22546 1 10 5
22547 1 10 5
22548 1 10 5
22549 1 10 5
22550 1 10 5
22551 1 10 5
22552 1 10 4
22553 1 10 4
22554 1 10 4
22555 1 10 4
22556 1 10 4
22557 1 10 4
22558 1 10 4
22559 1 10 4
22560 1 10 4
22561 1 10 4
22562 1 10 3
22563 1 10 3
22564 1 10 3
22565 1 10 3
22566 1 10 3
22567 1 10 3
22568 1 10 3
22569 1 10 3
22570 1 10 3
22571 1 10 2
22572 1 10 2
22573 1 10 2
22574 1 10 2
22575 1 10 2
22576 1 10 2
22577 1 10 2
22578 1 10 2
22579 1 10 2
22580 1 10 2
22581 1 10 1
22582 1 10 1
22583 1 10 1
22584 1 10 1
22585 1 10 1
22586 1 10 1
22587 1 10 1
22588 1 10 1
22589 1 10 1
22590 1 10 1
22591 1 10 1
22592 2 2 7
22593 2 2 6
22594 2 2 7
22595 2 2 7
22596 2 2 7
22597 2 2 7
22598 2 2 7
22599 2 2 7
22600 2 2 7
22601 2 2 6
22602 2 2 6
22603 2 2 6
22604 2 2 6
22605 2 2 6
22606 2 2 6
22607 2 2 6
22608 2 2 6
22609 2 2 6
22610 2 2 5
22611 2 2 5
22612 2 2 5
22613 2 2 5
22614 2 2 5
22615 2 2 5
22616 2 2 5
22617 2 2 5
22618 2 2 5
22619 2 2 5
22620 2 2 4
22621 2 2 4
22622 2 2 4
22623 2 2 4
22624 2 2 4
22625 2 2 4
22626 2 2 4
22627 2 2 4
22628 2 2 4
22629 2 2 4
22630 2 2 3
22631 2 2 3
22632 2 2 3
22633 2 2 3
22634 2 2 3
22635 2 2 3
22636 2 2 3
22637 2 2 3
22638 2 2 3
22639 2 2 3
22640 2 2 2
22641 2 2 2
22642 2 2 2
22643 2 2 2
22644 2 2 2
22645 2 2 2
22646 2 2 2
22647 2 2 2
22648 2 2 2
22649 2 2 1
22650 2 2 1
22651 2 2 1
22652 2 2 1
22653 2 2 1
22654 2 2 1
22655 2 2 1
22656 2 2 1
22657 2 2 1
22658 2 2 1
22659 2 2 0
22660 2 2 0
22661 2 2 0
22662 2 2 0
22663 2 2 0
22664 2 2 0
22665 2 2 0
22666 2 2 0
22667 2 2 0
22668 2 2 0
22669 2 1 9
22670 2 1 9
22671 2 1 9
22672 2 1 9
22673 2 1 9
22674 2 1 9
22675 2 1 9
22676 2 1 9
22677 2 1 9
22678 2 1 9
22679 2 1 8
22680 2 1 8
22681 2 1 8
22682 2 1 8
22683 2 1 8
22684 2 1 8
22685 2 1 8
22686 2 1 8
22687 2 1 8
22688 2 1 6
22689 2 1 6
22690 2 1 6
22691 2 1 6
22692 2 1 6
22693 2 1 6
22694 2 1 6
22695 2 1 7
22696 2 1 7
22697 2 1 6
22698 2 1 6
22699 2 1 6
22700 2 1 6
22701 2 1 6
22702 2 1 6
22703 2 1 6
22704 2 1 6
22705 2 1 6
22706 2 1 6
22707 2 1 6
22708 2 1 5
22709 2 1 5
22710 2 1 5
22711 2 1 5
22712 2 1 5
22713 2 1 5
22714 2 1 5
22715 2 1 5
22716 2 1 5
22717 2 1 5
22718 2 1 4
22719 2 1 4
22720 2 1 4
22721 2 1 4
22722 2 1 4
22723 2 1 4
22724 2 1 4
22725 2 1 4
22726 2 1 4
22727 2 1 3
22728 2 1 3
22729 2 1 3
22730 2 1 3
22731 2 1 3
22732 2 1 3
22733 2 1 3
22734 2 1 3
22735 2 1 3
22736 2 1 3
22737 2 1 2
22738 2 1 2
22739 2 1 2
22740 2 1 2
22741 2 1 2
22742 2 1 2
22743 2 1 2
22744 2 1 2
22745 2 1 2
22746 2 1 2
22747 2 1 1
22748 2 1 1
22749 2 1 1
22750 2 1 1
22751 2 1 1
22752 2 1 1
22753 2 1 1
22754 2 1 1
22755 2 1 1
22756 2 1 1
22757 2 1 0
22758 2 1 0
22759 2 1 0
22760 2 1 0
22761 2 1 0
22762 2 1 0
22763 2 1 0
22764 2 1 0
22765 2 1 0
22766 2 10 9
22767 2 10 9
22768 2 10 9
22769 2 10 9
22770 2 10 9
22771 2 10 9
22772 2 10 9
22773 2 10 9
22774 2 10 9
22775 2 10 9
22776 2 10 8
22777 2 10 8
22778 2 10 8
22779 2 10 8
22780 2 10 8
22781 2 10 8
22782 2 10 8
22783 2 10 8
22784 2 10 8
22785 2 10 8
22786 2 10 7
22787 2 10 7
22788 2 10 7
22789 2 10 7
22790 2 10 7
22791 2 10 7
22792 2 10 7
22793 2 10 7
22794 2 10 7
22795 2 10 6
22796 2 10 6
22797 2 10 6
22798 2 10 6
22799 2 10 6
22800 2 10 6
22801 2 10 6
22802 2 10 6
