22391 1 21
22392 1 21
22393 1 21
22394 1 21
22395 1 21
22396 1 20
22397 1 20
22398 1 20
22399 1 20
22400 1 20
22401 1 20
22402 1 20
22403 1 20
22404 1 20
22405 1 20
22406 1 19
22407 1 19
22408 1 19
22409 1 19
22410 1 19
22411 1 19
22412 1 19
22413 1 19
22414 1 19
22415 1 18
22416 1 18
22417 1 18
22418 1 18
22419 1 18
22420 1 18
22421 1 18
22422 1 18
22423 1 18
22424 1 18
22425 1 17
22426 1 17
22427 1 17
22428 1 17
22429 1 17
22430 1 17
22431 1 17
22432 1 17
22433 1 17
22434 1 17
22435 1 16
22436 1 16
22437 1 16
22438 1 16
22439 1 16
22440 1 16
22441 1 16
22442 1 16
22443 1 16
22444 1 16
22445 1 15
22446 1 15
22447 1 15
22448 1 15
22449 1 15
22450 1 15
22451 1 15
22452 1 15
22453 1 15
22454 1 14
22455 1 14
22456 1 14
22457 1 14
22458 1 14
22459 1 14
22460 1 14
22461 1 14
22462 1 14
22463 1 14
22464 1 13
22465 1 13
22466 1 13
22467 1 13
22468 1 13
22469 1 13
22470 1 13
22471 1 13
22472 1 13
22473 1 13
22474 1 12
22475 1 12
22476 1 12
22477 1 12
22478 1 12
22479 1 12
22480 1 12
22481 1 12
22482 1 12
22483 1 12
22484 1 11
22485 1 11
22486 1 11
22487 1 11
22488 1 11
22489 1 11
22490 1 11
22491 1 11
22492 1 11
22493 1 10
22494 1 10
22495 1 10
22496 1 10
22497 1 10
22498 1 10
22499 1 10
22500 1 10
22501 1 10
22502 1 10
22503 1 9
22504 1 9
22505 1 9
22506 1 9
22507 1 9
22508 1 9
22509 1 9
22510 1 9
22511 1 9
22512 1 9
22513 1 8
22514 1 8
22515 1 8
22516 1 8
22517 1 8
22518 1 8
22519 1 8
22520 1 8
22521 1 8
22522 1 8
22523 1 7
22524 1 7
22525 1 7
22526 1 7
22527 1 7
22528 1 7
22529 1 7
22530 1 7
22531 1 7
22532 1 6
22533 1 6
22534 1 6
22535 1 6
22536 1 6
22537 1 6
22538 1 6
22539 1 6
22540 1 6
22541 1 6
22542 1 5
22543 1 5
22544 1 5
22545 1 5
22546 1 5
22547 1 5
22548 1 5
22549 1 5
22550 1 5
22551 1 5
22552 1 4
22553 1 4
22554 1 4
22555 1 4
22556 1 4
22557 1 4
22558 1 4
22559 1 4
22560 1 4
22561 1 4
22562 1 3
22563 1 3
22564 1 3
22565 1 3
22566 1 3
22567 1 3
22568 1 3
22569 1 3
22570 1 3
22571 1 2
22572 1 2
22573 1 2
22574 1 2
22575 1 2
22576 1 2
22577 1 2
22578 1 2
22579 1 2
22580 1 2
22581 1 1
22582 1 1
22583 1 1
22584 1 1
22585 1 1
22586 1 1
22587 1 1
22588 1 1
22589 1 1
22590 1 1
22591 1 1
22592 2 27
22593 2 27
22594 2 27
22595 2 27
22596 2 27
22597 2 27
22598 2 27
22599 2 27
22600 2 27
22601 2 26
22602 2 26
22603 2 26
22604 2 26
22605 2 26
22606 2 26
22607 2 26
22608 2 26
22609 2 26
22610 2 25
22611 2 25
22612 2 25
22613 2 25
22614 2 25
22615 2 25
22616 2 25
22617 2 25
22618 2 25
22619 2 25
22620 2 24
22621 2 24
22622 2 24
22623 2 24
22624 2 24
22625 2 24
22626 2 24
22627 2 24
22628 2 24
22629 2 24
22630 2 23
22631 2 23
22632 2 23
22633 2 23
22634 2 23
22635 2 23
22636 2 23
22637 2 23
22638 2 23
22639 2 23
22640 2 22
22641 2 22
22642 2 22
22643 2 22
22644 2 22
22645 2 22
22646 2 22
22647 2 22
22648 2 22
22649 2 21
22650 2 21
22651 2 21
22652 2 21
22653 2 21
22654 2 21
22655 2 21
22656 2 21
22657 2 21
22658 2 21
22659 2 20
22660 2 20
22661 2 20
22662 2 20
22663 2 20
22664 2 20
22665 2 20
22666 2 20
22667 2 20
22668 2 20
22669 2 19
22670 2 19
22671 2 19
22672 2 19
22673 2 19
22674 2 19
22675 2 19
22676 2 19
22677 2 19
22678 2 19
22679 2 18
22680 2 18
22681 2 18
22682 2 18
22683 2 18
22684 2 18
22685 2 18
22686 2 18
22687 2 18
22688 2 17
22689 2 17
22690 2 17
22691 2 17
22692 2 17
22693 2 17
22694 2 17
22695 2 17
22696 2 17
22697 2 17
22698 2 16
22699 2 16
22700 2 16
22701 2 16
22702 2 16
22703 2 16
22704 2 16
22705 2 16
22706 2 16
22707 2 16
22708 2 15
22709 2 15
22710 2 15
22711 2 15
22712 2 15
22713 2 15
22714 2 15
22715 2 15
22716 2 15
22717 2 15
22718 2 14
22719 2 14
22720 2 14
22721 2 14
22722 2 14
22723 2 14
22724 2 14
22725 2 14
22726 2 14
22727 2 13
22728 2 13
22729 2 13
22730 2 13
22731 2 13
22732 2 13
22733 2 13
22734 2 13
22735 2 13
22736 2 13
22737 2 12
22738 2 12
22739 2 12
22740 2 12
22741 2 12
22742 2 12
22743 2 12
22744 2 12
22745 2 12
22746 2 12
22747 2 11
22748 2 11
22749 2 11
22750 2 11
22751 2 11
22752 2 11
22753 2 11
22754 2 11
22755 2 11
22756 2 11
22757 2 10
22758 2 10
22759 2 10
22760 2 10
22761 2 10
22762 2 10
22763 2 10
22764 2 10
22765 2 10
22766 2 9
22767 2 9
22768 2 9
22769 2 9
22770 2 9
22771 2 9
22772 2 9
22773 2 9
22774 2 9
22775 2 9
22776 2 8
22777 2 8
22778 2 8
22779 2 8
22780 2 8
22781 2 8
22782 2 8
22783 2 8
22784 2 8
22785 2 8
22786 2 7
22787 2 7
22788 2 7
22789 2 7
22790 2 7
22791 2 7
22792 2 7
22793 2 7
22794 2 7
22795 2 6
22796 2 6
22797 2 6
22798 2 6
22799 2 6
22800 2 6
22801 2 6
22802 2 6