22391 1635993101.229146
22392 1635993101.332263
22393 1635993101.431525
22394 1635993101.534573
22395 1635993101.637474
22396 1635993101.740014
22397 1635993101.842980
22398 1635993101.945779
22399 1635993102.056572
22400 1635993102.152917
22401 1635993102.256970
22402 1635993102.356570
22403 1635993102.459172
22404 1635993102.563517
22405 1635993102.668287
22406 1635993102.770470
22407 1635993102.869603
22408 1635993102.971903
22409 1635993103.074688
22410 1635993103.177520
22411 1635993103.280057
22412 1635993103.383202
22413 1635993103.488972
22414 1635993103.588356
22415 1635993103.692628
22416 1635993103.793107
22417 1635993103.896095
22418 1635993104.001266
22419 1635993104.104894
22420 1635993104.204372
22421 1635993104.309991
22422 1635993104.409585
22423 1635993104.512413
22424 1635993104.615019
22425 1635993104.718789
22426 1635993104.820501
22427 1635993104.926333
22428 1635993105.026383
22429 1635993105.130824
22430 1635993105.231148
22431 1635993105.335377
22432 1635993105.439481
22433 1635993105.542607
22434 1635993105.645320
22435 1635993105.748385
22436 1635993105.850992
22437 1635993105.951279
22438 1635993106.054277
22439 1635993106.155856
22440 1635993106.259886
22441 1635993106.360948
22442 1635993106.465587
22443 1635993106.565925
22444 1635993106.671942
22445 1635993106.774647
22446 1635993106.874057
22447 1635993106.980074
22448 1635993107.079686
22449 1635993107.182705
22450 1635993107.284666
22451 1635993107.387691
22452 1635993107.489772
22453 1635993107.592973
22454 1635993107.695418
22455 1635993107.800469
22456 1635993107.902682
22457 1635993108.003599
22458 1635993108.106228
22459 1635993108.208925
22460 1635993108.311627
22461 1635993108.414237
22462 1635993108.517189
22463 1635993108.622022
22464 1635993108.725883
22465 1635993108.828506
22466 1635993108.928002
22467 1635993109.030051
22468 1635993109.132920
22469 1635993109.237341
22470 1635993109.341197
22471 1635993109.444172
22472 1635993109.543701
22473 1635993109.646513
22474 1635993109.750710
22475 1635993109.853714
22476 1635993109.954940
22477 1635993110.060704
22478 1635993110.162990
22479 1635993110.266591
22480 1635993110.368679
22481 1635993110.471692
22482 1635993110.573957
22483 1635993110.673113
22484 1635993110.779076
22485 1635993110.879447
22486 1635993110.981271
22487 1635993111.083985
22488 1635993111.186600
22489 1635993111.290218
22490 1635993111.393538
22491 1635993111.496961
22492 1635993111.598446
22493 1635993111.700433
22494 1635993111.802832
22495 1635993111.908722
22496 1635993112.008097
22497 1635993112.114887
22498 1635993112.217746
22499 1635993112.316283
22500 1635993112.418947
22501 1635993112.524166
22502 1635993112.627358
22503 1635993112.727741
22504 1635993112.834312
22505 1635993112.935597
22506 1635993113.035275
22507 1635993113.137708
22508 1635993113.244205
22509 1635993113.343216
22510 1635993113.446500
22511 1635993113.548719
22512 1635993113.658382
22513 1635993113.754378
22514 1635993113.857299
22515 1635993113.959214
22516 1635993114.064547
22517 1635993114.165680
22518 1635993114.268000
22519 1635993114.369841
22520 1635993114.472726
22521 1635993114.575253
22522 1635993114.677887
22523 1635993114.780570
22524 1635993114.883305
22525 1635993114.985990
22526 1635993115.088712
22527 1635993115.192405
22528 1635993115.293902
22529 1635993115.396879
22530 1635993115.499441
22531 1635993115.605505
22532 1635993115.707802
22533 1635993115.807592
22534 1635993115.910205
22535 1635993116.012752
22536 1635993116.115388
22537 1635993116.218071
22538 1635993116.320902
22539 1635993116.427106
22540 1635993116.529033
22541 1635993116.632245
22542 1635993116.735100
22543 1635993116.837579
22544 1635993116.937740
22545 1635993117.040611
22546 1635993117.142923
22547 1635993117.248652
22548 1635993117.351128
22549 1635993117.452661
22550 1635993117.556265
22551 1635993117.658019
22552 1635993117.758859
22553 1635993117.861412
22554 1635993117.963883
22555 1635993118.067082
22556 1635993118.172884
22557 1635993118.271739
22558 1635993118.377043
22559 1635993118.477630
22560 1635993118.579779
22561 1635993118.682635
22562 1635993118.785467
22563 1635993118.887928
22564 1635993118.990600
22565 1635993119.093404
22566 1635993119.199343
22567 1635993119.299173
22568 1635993119.401752
22569 1635993119.504019
22570 1635993119.606853
22571 1635993119.712422
22572 1635993119.811901
22573 1635993119.914648
22574 1635993120.017584
22575 1635993120.121004
22576 1635993120.226274
22577 1635993120.325775
22578 1635993120.429071
22579 1635993120.530766
22580 1635993120.633831
22581 1635993120.736783
22582 1635993120.842201
22583 1635993120.942224
22584 1635993121.044271
22585 1635993121.147097
22586 1635993121.253619
22587 1635993121.355558
22588 1635993121.456757
22589 1635993121.558321
22590 1635993121.660492
22591 1635993121.764066
22592 1635993121.868948
22593 1635993121.968810
22594 1635993122.071322
22595 1635993122.173936
22596 1635993122.276553
22597 1635993122.379092
22598 1635993122.481769
22599 1635993122.584928
22600 1635993122.687039
22601 1635993122.793231
22602 1635993122.892796
22603 1635993122.995346
22604 1635993123.102279
22605 1635993123.200902
22606 1635993123.303881
22607 1635993123.408826
22608 1635993123.509160
22609 1635993123.611294
22610 1635993123.713832
22611 1635993123.816946
22612 1635993123.922738
22613 1635993124.028389
22614 1635993124.128073
22615 1635993124.229777
22616 1635993124.332862
22617 1635993124.432767
22618 1635993124.535527
22619 1635993124.641265
22620 1635993124.740682
22621 1635993124.843515
22622 1635993124.949422
22623 1635993125.049780
22624 1635993125.152759
22625 1635993125.255894
22626 1635993125.359209
22627 1635993125.461804
22628 1635993125.564511
22629 1635993125.664808
22630 1635993125.768053
22631 1635993125.870376
22632 1635993125.972941
22633 1635993126.075510
22634 1635993126.179292
22635 1635993126.281157
22636 1635993126.387046
22637 1635993126.486487
22638 1635993126.589412
22639 1635993126.693237
22640 1635993126.794305
22641 1635993126.897375
22642 1635993127.001040
22643 1635993127.102624
22644 1635993127.205325
22645 1635993127.309438
22646 1635993127.414867
22647 1635993127.516445
22648 1635993127.616093
22649 1635993127.722050
22650 1635993127.823419
22651 1635993127.926979
22652 1635993128.029952
22653 1635993128.133058
22654 1635993128.235240
22655 1635993128.337991
22656 1635993128.440697
22657 1635993128.540072
22658 1635993128.644596
22659 1635993128.745436
22660 1635993128.848255
22661 1635993128.955434
22662 1635993129.056916
22663 1635993129.158726
22664 1635993129.259736
22665 1635993129.362698
22666 1635993129.466477
22667 1635993129.566846
22668 1635993129.669748
22669 1635993129.772345
22670 1635993129.874525
22671 1635993129.977570
22672 1635993130.083769
22673 1635993130.182802
22674 1635993130.285460
22675 1635993130.389680
22676 1635993130.492913
22677 1635993130.593512
22678 1635993130.696701
22679 1635993130.799267
22680 1635993130.905025
22681 1635993131.004681
22682 1635993131.110467
22683 1635993131.209660
22684 1635993131.312582
22685 1635993131.418126
22686 1635993131.521122
22687 1635993131.623642
22688 1635993131.725925
22689 1635993131.830404
22690 1635993131.932480
22691 1635993132.035372
22692 1635993132.137827
22693 1635993132.240578
22694 1635993132.342837
22695 1635993132.445950
22696 1635993132.547695
22697 1635993132.647433
22698 1635993132.751010
22699 1635993132.854167
22700 1635993132.956039
22701 1635993133.059370
22702 1635993133.160599
22703 1635993133.265107
22704 1635993133.366240
22705 1635993133.469050
22706 1635993133.574578
22707 1635993133.673970
22708 1635993133.777421
22709 1635993133.879540
22710 1635993133.981800
22711 1635993134.085304
22712 1635993134.187569
22713 1635993134.289804
22714 1635993134.392748
22715 1635993134.496252
22716 1635993134.599126
22717 1635993134.700981
22718 1635993134.803279
22719 1635993134.906142
22720 1635993135.011549
22721 1635993135.111373
22722 1635993135.214016
22723 1635993135.319919
22724 1635993135.420044
22725 1635993135.525424
22726 1635993135.627576
22727 1635993135.730838
22728 1635993135.830132
22729 1635993135.936219
22730 1635993136.035513
22731 1635993136.138159
22732 1635993136.240912
22733 1635993136.343458
22734 1635993136.446139
22735 1635993136.548919
22736 1635993136.652768
22737 1635993136.754946
22738 1635993136.858824
22739 1635993136.959611
22740 1635993137.062050
22741 1635993137.164942
22742 1635993137.268178
22743 1635993137.370105
22744 1635993137.473030
22745 1635993137.575660
22746 1635993137.678610
22747 1635993137.781005
22748 1635993137.883529
22749 1635993137.986277
22750 1635993138.089010
22751 1635993138.194494
22752 1635993138.294187
22753 1635993138.398062
22754 1635993138.499792
22755 1635993138.605968
22756 1635993138.705917
22757 1635993138.808125
22758 1635993138.910422
22759 1635993139.013241
22760 1635993139.118981
22761 1635993139.220315
22762 1635993139.323291
22763 1635993139.425039
22764 1635993139.530035
22765 1635993139.629363
22766 1635993139.731809
22767 1635993139.834408
22768 1635993139.937157
22769 1635993140.039662
22770 1635993140.142790
22771 1635993140.245463
22772 1635993140.347737
22773 1635993140.450940
22774 1635993140.556774
22775 1635993140.656775
22776 1635993140.760386
22777 1635993140.861244
22778 1635993140.963924
22779 1635993141.066770
22780 1635993141.173494
22781 1635993141.275877
22782 1635993141.375614
22783 1635993141.477377
22784 1635993141.579955
22785 1635993141.682852
22786 1635993141.785604
22787 1635993141.888013
22788 1635993141.990746
22789 1635993142.093469
22790 1635993142.195866
22791 1635993142.298942
22792 1635993142.401828
22793 1635993142.504341
22794 1635993142.607066
22795 1635993142.709715
22796 1635993142.812068
22797 1635993142.914649
22798 1635993143.020254
22799 1635993143.125259
22800 1635993143.226030
22801 1635993143.328215
22802 1635993143.433387
