15100 1 0 2
15101 1 0 2
15102 1 0 2
15103 1 0 2
15104 1 0 2
15105 1 0 2
15106 1 0 6
15107 1 0 6
15108 1 0 6
15109 1 0 6
15110 1 0 6
15111 1 0 6
15112 1 0 6
15113 1 0 6
15114 1 0 6
15115 1 0 6
15116 1 0 6
15117 1 0 5
15118 1 0 5
15119 1 0 5
15120 1 0 5
15121 1 0 5
15122 1 0 5
15123 1 0 5
15124 1 0 5
15125 1 0 5
15126 1 0 5
15127 1 0 4
15128 1 0 4
15129 1 0 4
15130 1 0 4
15131 1 0 4
15132 1 0 4
15133 1 0 4
15134 1 0 4
15135 1 0 4
15136 1 0 4
15137 1 0 3
15138 1 0 3
15139 1 0 3
15140 1 0 3
15141 1 0 3
15142 1 0 3
15143 1 0 3
15144 1 0 3
15145 1 0 3
15146 1 0 3
15147 1 0 2
15148 1 0 2
15149 1 0 2
15150 1 0 2
15151 1 0 2
15152 1 0 2
15153 1 0 2
15154 1 0 2
15155 1 0 2
15156 1 0 2
15157 1 0 1
15158 1 0 1
15159 1 0 1
15160 1 0 1
15161 1 0 1
15162 1 0 1
15163 1 0 1
15164 1 0 1
15165 1 0 1
15166 1 0 1
15167 1 0 0
15168 1 0 0
15169 1 0 0
15170 1 0 0
15171 1 0 0
15172 1 0 0
15173 1 0 0
15174 1 0 0
15175 2 2 3
15176 2 2 3
15177 2 2 3
15178 2 2 3
15179 2 2 3
15180 2 2 3
15181 2 2 3
15182 2 2 3
15183 2 2 3
15184 2 2 3
15185 2 2 3
15186 2 2 2
15187 2 2 2
15188 2 2 2
15189 2 2 2
15190 2 2 2
15191 2 2 2
15192 2 2 2
15193 2 2 2
15194 2 2 2
15195 2 2 2
15196 2 2 1
15197 2 2 1
15198 2 2 1
15199 2 2 1
15200 2 2 1
15201 2 2 1
15202 2 2 1
15203 2 2 1
15204 2 2 1
15205 2 2 1
15206 2 2 0
15207 2 2 0
15208 2 2 0
15209 2 2 0
15210 2 2 0
15211 2 2 0
15212 2 2 0
15213 2 2 0
15214 2 2 0
15215 2 2 0
15216 2 1 9
15217 2 1 9
15218 2 1 9
15219 2 1 9
15220 2 1 9
15221 2 1 9
15222 2 1 9
15223 2 1 9
15224 2 1 9
15225 2 1 9
15226 2 1 8
15227 2 1 8
15228 2 1 8
15229 2 1 8
15230 2 1 8
15231 2 1 8
15232 2 1 8
15233 2 1 8
15234 2 1 8
15235 2 1 8
15236 2 1 7
15237 2 1 7
15238 2 1 7
15239 2 1 7
15240 2 1 7
15241 2 1 7
15242 2 1 7
15243 2 1 7
15244 2 1 7
15245 2 1 7
15246 2 1 7
15247 2 1 6
15248 2 1 6
15249 2 1 6
15250 2 1 6
