15100 1 7
15101 1 7
15102 1 7
15103 1 7
15104 1 7
15105 1 7
15106 1 6
15107 1 6
15108 1 6
15109 1 6
15110 1 6
15111 1 6
15112 1 6
15113 1 6
15114 1 6
15115 1 6
15116 1 6
15117 1 5
15118 1 5
15119 1 5
15120 1 5
15121 1 5
15122 1 5
15123 1 5
15124 1 5
15125 1 5
15126 1 5
15127 1 4
15128 1 4
15129 1 4
15130 1 4
15131 1 4
15132 1 4
15133 1 4
15134 1 4
15135 1 4
15136 1 4
15137 1 3
15138 1 3
15139 1 3
15140 1 3
15141 1 3
15142 1 3
15143 1 3
15144 1 3
15145 1 3
15146 1 3
15147 1 2
15148 1 2
15149 1 2
15150 1 2
15151 1 2
15152 1 2
15153 1 2
15154 1 2
15155 1 2
15156 1 2
15157 1 1
15158 1 1
15159 1 1
15160 1 1
15161 1 1
15162 1 1
15163 1 1
15164 1 1
15165 1 1
15166 1 1
15167 1 0
15168 1 0
15169 1 0
15170 1 0
15171 1 0
15172 1 0
15173 1 0
15174 1 0
15175 2 23
15176 2 23
15177 2 23
15178 2 23
15179 2 23
15180 2 23
15181 2 23
15182 2 23
15183 2 23
15184 2 23
15185 2 23
15186 2 22
15187 2 22
15188 2 22
15189 2 22
15190 2 22
15191 2 22
15192 2 22
15193 2 22
15194 2 22
15195 2 22
15196 2 21
15197 2 21
15198 2 21
15199 2 21
15200 2 21
15201 2 21
15202 2 21
15203 2 21
15204 2 21
15205 2 21
15206 2 20
15207 2 20
15208 2 20
15209 2 20
15210 2 20
15211 2 20
15212 2 20
15213 2 20
15214 2 20
15215 2 20
15216 2 19
15217 2 19
15218 2 19
15219 2 19
15220 2 19
15221 2 19
15222 2 19
15223 2 19
15224 2 19
15225 2 19
15226 2 18
15227 2 18
15228 2 18
15229 2 18
15230 2 18
15231 2 18
15232 2 18
15233 2 18
15234 2 18
15235 2 18
15236 2 17
15237 2 17
15238 2 17
15239 2 17
15240 2 17
15241 2 17
15242 2 17
15243 2 17
15244 2 17
15245 2 17
15246 2 17
15247 2 16
15248 2 16
15249 2 16
15250 2 16