1 1 10 8
2 1 10 8
3 1 10 8
4 1 10 8
5 1 10 8
6 1 10 8
7 1 10 8
8 1 10 8
9 1 10 8
10 1 10 8
11 1 10 7
12 1 10 7
13 1 10 7
14 1 10 7
15 1 10 7
16 1 10 7
17 1 10 7
18 1 10 7
19 1 10 7
20 1 10 7
21 1 10 6
22 1 10 6
23 1 10 6
24 1 10 6
25 1 10 6
26 1 10 6
27 1 10 6
28 1 10 6
29 1 10 6
30 1 10 6
31 1 10 5
32 1 10 5
33 1 10 5
34 1 10 5
35 1 10 5
36 1 10 5
37 1 10 5
38 1 10 5
39 1 10 5
40 1 10 5
41 1 10 4
42 1 10 4
43 1 10 4
44 1 10 4
45 1 10 4
46 1 10 4
47 1 10 4
48 1 10 4
49 1 10 4
50 1 10 4
51 1 10 3
52 1 10 3
53 1 10 3
54 1 10 3
55 1 10 3
56 1 10 3
57 1 10 3
58 1 10 3
59 1 10 3
60 1 10 3
61 1 10 2
62 1 10 2
63 1 10 2
64 1 10 2
65 1 10 2
66 1 10 2
67 1 10 2
68 1 10 2
69 1 10 2
70 1 10 2
71 1 10 1
72 1 10 1
73 1 10 1
74 1 10 1
75 1 10 1
76 1 10 1
77 1 10 1
78 1 10 1
79 1 10 1
80 2 3 1
81 2 3 1
82 2 3 1
83 2 3 1
84 2 3 1
85 2 3 1
86 2 3 1
87 2 3 1
88 2 3 1
89 2 3 1
90 2 3 0
91 2 3 0
92 2 3 0
93 2 3 0
94 2 3 0
95 2 3 0
96 2 3 0
97 2 3 0
98 2 3 0
99 2 3 0
100 2 2 9
101 2 2 9
102 2 2 9
103 2 2 9
104 2 2 9
105 2 2 9
106 2 2 9
107 2 2 9
108 2 2 9
109 2 2 9
110 2 2 8
111 2 2 8
112 2 2 8
113 2 2 8
114 2 2 8
115 2 2 8
116 2 2 8
117 2 2 8
118 2 2 8
119 2 2 8
120 2 2 7
121 2 2 7
122 2 2 7
123 2 2 7
124 2 2 7
125 2 2 7
126 2 2 7
127 2 2 7
