1 1 8
2 1 8
3 1 8
4 1 8
5 1 8
6 1 8
7 1 8
8 1 8
9 1 8
10 1 8
11 1 7
12 1 7
13 1 7
14 1 7
15 1 7
16 1 7
17 1 7
18 1 7
19 1 7
20 1 7
21 1 6
22 1 6
23 1 6
24 1 6
25 1 6
26 1 6
27 1 6
28 1 6
29 1 6
30 1 6
31 1 5
32 1 5
33 1 5
34 1 5
35 1 5
36 1 5
37 1 5
38 1 5
39 1 5
40 1 5
41 1 4
42 1 4
43 1 4
44 1 4
45 1 4
46 1 4
47 1 4
48 1 4
49 1 4
50 1 4
51 1 3
52 1 3
53 1 3
54 1 3
55 1 3
56 1 3
57 1 3
58 1 3
59 1 3
60 1 3
61 1 2
62 1 2
63 1 2
64 1 2
65 1 2
66 1 2
67 1 2
68 1 2
69 1 2
70 1 2
71 1 1
72 1 1
73 1 1
74 1 1
75 1 1
76 1 1
77 1 1
78 1 1
79 1 1
80 2 31
81 2 31
82 2 31
83 2 31
84 2 31
85 2 31
86 2 31
87 2 31
88 2 31
89 2 31
90 2 30
91 2 30
92 2 30
93 2 30
94 2 30
95 2 30
96 2 30
97 2 30
98 2 30
99 2 30
100 2 29
101 2 29
102 2 29
103 2 29
104 2 29
105 2 29
106 2 29
107 2 29
108 2 29
109 2 29
110 2 28
111 2 28
112 2 28
113 2 28
114 2 28
115 2 28
116 2 28
117 2 28
118 2 28
119 2 28
120 2 27
121 2 27
122 2 27
123 2 27
124 2 27
125 2 27
126 2 27
127 2 27