4444 1 10 9
4445 1 0 9
4446 1 0 10
4447 1 0 9
4448 1 0 9
4449 1 0 9
4450 1 0 5
4451 1 0 0
4452 1 0 9
4453 1 0 0
4454 1 0 9
4455 1 0 0
4456 1 10 2
4457 1 10 9
4458 1 10 10
4459 1 0 0
4460 1 10 9
4461 1 10 8
4462 1 0 3
4463 1 10 0
4464 1 10 10
4465 1 0 10
4466 1 0 10
4467 1 0 7
4468 1 10 10
4469 1 10 10
4470 1 0 0
4471 1 0 0
4472 1 0 5
4473 1 0 3
4474 1 0 5
4475 1 0 2
4476 1 0 5
4477 1 0 6
4478 1 10 6
4479 1 10 5
4480 1 0 6
4481 1 0 10
4482 1 0 6
4483 1 10 5
4484 1 0 5
4485 1 0 5
4486 1 0 10
4487 1 0 5
4488 1 0 3
4489 1 0 5
4490 1 0 5
4491 1 0 5
4492 1 0 10
4493 1 0 10
4494 1 0 10
4495 1 0 10
4496 1 10 9
4497 1 0 10
4498 1 0 10
4499 1 0 9
4500 1 10 9
4501 1 0 9
4502 1 0 2
4503 1 0 2
4504 1 0 3
4505 1 0 2
4506 1 0 3
4507 1 0 3
4508 1 0 3
4509 1 0 3
4510 1 0 2
4511 1 0 3
4512 1 0 3
4513 1 0 2
4514 1 0 2
4515 1 10 2
4516 1 0 2
4517 1 0 2
4518 1 10 10
4519 1 0 2
4520 1 10 2
4521 1 0 2
4522 1 0 2
4523 1 0 1
4524 1 0 10
4525 1 0 10
4526 1 0 10
4527 1 0 10
4528 1 0 10
4529 1 0 10
4530 1 0 10
4531 1 0 10
4532 1 0 10
4533 2 2 6
4534 2 2 6
4535 2 2 6
4536 2 2 6
4537 2 2 6
4538 2 2 6
4539 2 2 6
4540 2 2 6
4541 2 2 6
4542 2 2 6
4543 2 2 6
4544 2 2 5
4545 2 2 5
4546 2 2 5
4547 2 2 5
4548 2 2 5
4549 2 2 5
4550 2 2 5
4551 2 2 5
4552 2 2 5
4553 2 2 5
4554 2 2 4
4555 2 2 4
4556 2 2 4
4557 2 2 4
4558 2 2 4
4559 2 2 4
4560 2 2 4
4561 2 2 4
4562 2 2 4
4563 2 2 4
4564 2 2 3
4565 2 2 3
4566 2 2 3
4567 2 2 3
