2567 1635999690.858556
2568 1635999690.960395
2569 1635999691.063161
2570 1635999691.168414
2571 1635999691.266836
2572 1635999691.370266
2573 1635999691.472717
2574 1635999691.579557
2575 1635999691.677953
2576 1635999691.780283
2577 1635999691.883374
2578 1635999691.985667
2579 1635999692.091998
2580 1635999692.192161
2581 1635999692.297057
2582 1635999692.396809
2583 1635999692.499342
2584 1635999692.602071
2585 1635999692.705367
2586 1635999692.808025
2587 1635999692.910016
2588 1635999693.012958
2589 1635999693.115625
2590 1635999693.218321
2591 1635999693.320761
2592 1635999693.424441
2593 1635999693.528409
2594 1635999693.631688
2595 1635999693.734167
2596 1635999693.834475
2597 1635999693.937017
2598 1635999694.039795
2599 1635999694.142252
2600 1635999694.244912
2601 1635999694.347610
2602 1635999694.450310
2603 1635999694.554368
2604 1635999694.657267
2605 1635999694.761526
2606 1635999694.864279
2607 1635999694.964614
2608 1635999695.066378
2609 1635999695.169347
2610 1635999695.272248
2611 1635999695.377364
2612 1635999695.480793
2613 1635999695.580022
2614 1635999695.682746
2615 1635999695.785457
2616 1635999695.887893
2617 1635999695.995203
2618 1635999696.096709
2619 1635999696.199499
2620 1635999696.302457
2621 1635999696.401539
2622 1635999696.505360
2623 1635999696.606935
2624 1635999696.709276
2625 1635999696.816937
2626 1635999696.915450
2627 1635999697.021053
2628 1635999697.122796
2629 1635999697.226659
2630 1635999697.326818
2631 1635999697.431276
2632 1635999697.534024
2633 1635999697.634018
2634 1635999697.736495
2635 1635999697.839035
2636 1635999697.942013
2637 1635999698.044569
2638 1635999698.146975
2639 1635999698.250076
2640 1635999698.352787
2641 1635999698.457206
2642 1635999698.558783
2643 1635999698.663927
2644 1635999698.764977
2645 1635999698.865999
2646 1635999698.969442
2647 1635999699.071442
2648 1635999699.173660
2649 1635999699.280183
2650 1635999699.379569
2651 1635999699.482207
2652 1635999699.585133
2653 1635999699.687298
2654 1635999699.790102
2655 1635999699.892783
2656 1635999699.995481
2657 1635999700.098456
2658 1635999700.200866
2659 1635999700.306492
2660 1635999700.409427
2661 1635999700.509449
2662 1635999700.614163
2663 1635999700.714051
2664 1635999700.816917
2665 1635999700.919913
2666 1635999701.024514
2667 1635999701.126398
2668 1635999701.231802
2669 1635999701.333538
2670 1635999701.435917
2671 1635999701.537108
2672 1635999701.639431
2673 1635999701.741935
2674 1635999701.846724
2675 1635999701.946478
2676 1635999702.049423
2677 1635999702.152058
2678 1635999702.256254
2679 1635999702.358932
2680 1635999702.461050
2681 1635999702.565530
2682 1635999702.665409
2683 1635999702.768291
2684 1635999702.874178
2685 1635999702.973916
2686 1635999703.076048
2687 1635999703.178912
2688 1635999703.281450
2689 1635999703.384244
2690 1635999703.489470
2691 1635999703.589294
2692 1635999703.695442
2693 1635999703.795191
2694 1635999703.898152
2695 1635999704.000500
2696 1635999704.103248
2697 1635999704.206799
2698 1635999704.308655
2699 1635999704.411498
2700 1635999704.513553
2701 1635999704.616550
2702 1635999704.719517
2703 1635999704.826498
2704 1635999704.928213
2705 1635999705.031378
2706 1635999705.131188
2707 1635999705.235347
2708 1635999705.337180
2709 1635999705.441129
2710 1635999705.540969
2711 1635999705.648069
2712 1635999705.749432
2713 1635999705.852380
2714 1635999705.951246
2715 1635999706.057591
2716 1635999706.163176
2717 1635999706.261320
2718 1635999706.365586
2719 1635999706.464477
2720 1635999706.567037
2721 1635999706.669821
2722 1635999706.776608
2723 1635999706.875572
2724 1635999706.981517
2725 1635999707.084258
2726 1635999707.186773
2727 1635999707.289886
2728 1635999707.392777
2729 1635999707.492084
2730 1635999707.595288
2731 1635999707.697765
2732 1635999707.802961
2733 1635999707.902173
2734 1635999708.008434
2735 1635999708.111272
2736 1635999708.210558
2737 1635999708.317536
2738 1635999708.418873
2739 1635999708.522740