1 2 1 2
2 2 1 2
3 2 1 2
4 2 1 2
5 2 1 2
6 2 1 2
7 2 1 1
8 2 1 1
9 2 1 1
10 2 1 1
11 2 1 1
12 2 1 1
13 2 1 1
14 2 1 1
15 2 1 1
16 2 1 1
17 2 1 0
18 2 1 0
19 2 1 0
20 2 1 0
21 2 1 0
22 2 1 0
23 2 1 0
24 2 1 0
25 2 1 0
26 2 1 0
27 2 10 9
28 2 10 9
29 2 10 9
30 2 10 9
31 2 10 9
32 2 10 9
33 2 10 9
34 2 10 9
35 2 10 9
36 2 10 9
37 2 10 8
38 2 10 8
39 2 10 8
40 2 10 8
41 2 10 8
42 2 10 8
43 2 10 8
44 2 10 8
45 2 10 8
46 2 10 8
47 2 10 7
48 2 10 7
49 2 10 7
50 2 10 7
51 2 10 7
52 2 10 7
53 2 10 7
54 2 10 7
55 2 10 7
56 2 10 7
57 2 10 6
58 2 10 6
59 2 10 6
60 2 10 6
61 2 10 6
62 2 10 6
63 2 10 6
64 2 10 6
65 2 10 6
66 2 10 6
67 2 10 5
68 2 10 5
69 2 10 5
70 2 10 5
71 2 10 5
72 2 10 5
73 2 10 5
74 2 10 5
75 2 10 5
76 2 10 5
77 2 1 4
78 2 10 4
79 2 10 4
80 2 10 4
81 2 10 4
82 2 10 4
83 2 10 4
84 2 10 4
85 2 10 4
86 2 10 4
87 2 10 3
88 2 10 3
89 2 10 3
90 2 10 3
91 2 10 3
92 2 10 3
93 2 10 3
94 2 10 3
95 2 10 3
96 2 10 3
97 2 10 2
98 2 10 2
99 2 10 2
100 2 10 2
101 2 10 2
102 2 10 2
103 2 10 2
104 2 10 2
105 2 10 2
106 2 10 2
107 2 10 1
108 2 10 1
109 2 10 1
110 2 10 1
111 2 10 1
112 2 10 1
113 2 10 1
114 1 9 7
115 1 8 6
116 1 8 7
117 1 8 7
118 1 8 2
119 1 8 5
120 1 8 6
121 1 8 2
122 1 3 6
123 1 3 5
124 1 8 5
125 1 8 6
126 1 3 5
127 1 8 6
128 1 3 5
129 1 3 5
130 1 8 5
131 1 8 5
132 1 8 5
133 1 8 5
134 1 8 5
135 1 8 5
136 1 8 5
137 1 8 5
138 1 8 4
139 1 8 4
140 1 8 4
141 1 8 3
142 1 3 3
143 1 3 4
144 1 8 3
145 1 3 3
146 1 3 4
147 1 8 3
148 1 8 3
149 1 8 3
150 1 8 3
151 1 8 3
152 1 8 3
153 1 8 3
154 1 8 3
155 1 8 3
156 1 8 3
157 1 8 3
158 1 8 2
159 1 8 2
160 1 8 2
161 1 8 2
162 1 8 2
163 1 8 2
164 1 8 2
165 1 8 2
166 1 8 2
167 1 8 2
168 1 8 1
169 1 8 1
170 1 8 1
171 1 8 1
172 1 8 1
173 1 8 1
174 1 8 1
175 1 8 1
176 1 8 1
177 1 8 1
178 1 8 0
179 1 8 0
180 1 3 0
