6740 2 8
6741 2 8
6742 2 8
6743 2 8
6744 2 8
6745 2 8
6746 2 8
6747 2 8
6748 2 7
6749 2 7
6750 2 7
6751 2 7
6752 2 7
6753 2 7
6754 2 7
6755 2 7
6756 2 7
6757 2 7
6758 2 6
6759 2 6
6760 2 6
6761 2 6
6762 2 6
6763 2 6
6764 2 6
6765 2 6
6766 2 6
6767 2 5
6768 2 5
6769 2 5
6770 2 5
6771 2 5
6772 2 5
6773 2 5
6774 2 5
6775 2 5
6776 2 5
6777 2 4
6778 2 4
6779 2 4
6780 2 4
6781 2 4
6782 2 4
6783 2 4
6784 2 4
6785 2 4
6786 2 4
6787 2 3
6788 2 3
6789 2 3
6790 2 3
6791 2 3
6792 2 3
6793 2 3
6794 2 3
6795 2 3
6796 2 2
6797 2 2
6798 2 2
6799 2 2
6800 2 2
6801 2 2
6802 2 2
6803 2 2
6804 2 2
6805 2 2
6806 2 1
6807 2 1
6808 2 1
6809 2 1
6810 2 1
6811 2 1
6812 2 1
6813 2 1
6814 2 1
6815 2 1
6816 3 2
6817 3 2
6818 3 2
6819 3 2
6820 3 2
6821 3 2
6822 3 2
6823 3 2
6824 3 2
6825 3 2
6826 3 1
6827 3 1
6828 3 1
6829 3 1
6830 3 1
6831 3 1
6832 3 1
6833 3 1
6834 3 1
6835 3 1
6836 1 18
6837 1 18
6838 1 18
6839 1 18
6840 1 18
6841 1 18
6842 1 18
6843 1 18
6844 1 18
6845 1 18
6846 1 17
6847 1 17
6848 1 17
6849 1 17
6850 1 17
6851 1 17
6852 1 17
6853 1 17
6854 1 17
6855 1 17
6856 1 16
6857 1 16
6858 1 16
6859 1 16
6860 1 16
6861 1 16
6862 1 16
6863 1 16
6864 1 16
6865 1 15
6866 1 15
6867 1 15
6868 1 15
6869 1 15
6870 1 15
6871 1 15
6872 1 15
6873 1 15
6874 1 15
6875 1 14
6876 1 14
6877 1 14
6878 1 14
6879 1 14
6880 1 14
6881 1 14
6882 1 14
6883 1 14
6884 1 14
6885 1 13
6886 1 13
6887 1 13
6888 1 13
6889 1 13
6890 1 13
6891 1 13
6892 1 13
6893 1 13
6894 1 13
6895 1 12
6896 1 12
6897 1 12
6898 1 12
6899 1 12
6900 1 12