1 1 10 9
2 1 10 8
3 1 10 8
4 1 10 8
5 1 10 8
6 1 10 8
7 1 10 8
8 1 10 8
9 1 10 8
10 1 10 8
11 1 10 8
12 1 10 7
13 1 10 7
14 1 10 7
15 1 10 7
16 1 10 10
17 1 10 3
18 1 10 7
19 1 10 7
20 1 10 7
21 1 10 3
22 1 10 6
23 1 10 6
24 1 10 6
25 1 10 6
26 1 10 5
27 1 10 6
28 1 10 6
29 1 10 6
30 1 10 6
31 1 10 6
32 1 10 5
33 1 10 5
34 1 10 5
35 1 10 5
36 1 10 5
37 1 10 5
38 1 10 5
39 1 10 5
40 1 10 5
41 1 10 5
42 1 10 4
43 1 10 4
44 1 10 4
45 1 10 4
46 1 10 4
47 1 10 4
48 1 10 4
49 1 10 4
50 1 10 4
51 1 10 4
52 1 10 3
53 1 10 3
54 1 10 3
55 1 10 3
56 1 10 3
57 1 10 3
58 1 10 3
59 1 10 3
60 1 10 3
61 1 10 3
62 1 10 2
63 1 10 2
64 1 10 2
65 1 10 2
66 1 10 2
67 1 10 2
68 1 10 2
69 1 10 2
70 1 10 2
71 1 10 2
72 1 10 1
73 1 10 1
74 1 10 1
75 1 10 1
76 1 10 1
77 1 10 1
78 1 10 10
79 1 10 1
80 2 3 7
81 2 4 5
82 2 4 5
83 2 4 5
84 2 4 5
85 2 4 5
86 2 4 5
87 2 4 5
88 2 4 5
89 2 4 5
90 2 4 5
91 2 4 4
92 2 4 4
93 2 4 4
94 2 4 4
95 2 4 4
96 2 4 4
97 2 4 4
98 2 4 4
99 2 4 4
100 2 4 9
101 2 4 3
102 2 4 3
103 2 4 3
104 2 4 3
105 2 4 3
106 2 4 3
107 2 4 3
108 2 4 3
109 2 4 3
110 2 4 2
111 2 4 2
112 2 4 2
113 2 4 2
114 2 4 2
115 2 4 2
116 2 4 2
117 2 4 2
118 2 4 2
119 2 4 2
120 2 4 1
121 2 4 1
122 2 4 1
123 2 4 1
124 2 4 1
125 2 4 1
126 2 4 1
127 2 4 1
128 2 4 1
129 2 4 1
130 2 4 0
131 2 4 0
132 2 4 0
133 2 4 0
134 2 4 0
135 2 4 0
136 2 4 0
137 2 4 0
138 2 4 0
139 2 4 0
140 2 3 9
141 2 3 9
142 2 3 9
143 2 9 9
144 2 3 9
145 2 3 9
146 2 3 9
147 2 3 9
148 2 3 9
149 2 3 9
150 2 3 8
151 2 3 8
152 2 3 8
153 2 3 8
154 2 3 8
155 2 3 8
156 2 9 8
157 2 3 8
158 2 3 8
159 2 3 8
160 2 3 7
161 2 3 7
