1 1 9
2 1 8
3 1 8
4 1 8
5 1 8
6 1 8
7 1 8
8 1 8
9 1 8
10 1 8
11 1 8
12 1 7
13 1 7
14 1 7
15 1 7
16 1 7
17 1 7
18 1 7
19 1 7
20 1 7
21 1 7
22 1 6
23 1 6
24 1 6
25 1 6
26 1 6
27 1 6
28 1 6
29 1 6
30 1 6
31 1 6
32 1 5
33 1 5
34 1 5
35 1 5
36 1 5
37 1 5
38 1 5
39 1 5
40 1 5
41 1 5
42 1 4
43 1 4
44 1 4
45 1 4
46 1 4
47 1 4
48 1 4
49 1 4
50 1 4
51 1 4
52 1 3
53 1 3
54 1 3
55 1 3
56 1 3
57 1 3
58 1 3
59 1 3
60 1 3
61 1 3
62 1 2
63 1 2
64 1 2
65 1 2
66 1 2
67 1 2
68 1 2
69 1 2
70 1 2
71 1 2
72 1 1
73 1 1
74 1 1
75 1 1
76 1 1
77 1 1
78 1 1
79 1 1
80 1 1
81 2 45
82 2 45
83 2 45
84 2 45
85 2 45
86 2 45
87 2 45
88 2 45
89 2 45
90 2 45
91 2 44
92 2 44
93 2 44
94 2 44
95 2 44
96 2 44
97 2 44
98 2 44
99 2 44
100 2 44
101 2 43
102 2 43
103 2 43
104 2 43
105 2 43
106 2 43
107 2 43
108 2 43
109 2 43
110 2 42
111 2 42
112 2 42
113 2 42
114 2 42
115 2 42
116 2 42
117 2 42
118 2 42
119 2 42
120 2 41
121 2 41
122 2 41
123 2 41
124 2 41
125 2 41
126 2 41
127 2 41
128 2 41
129 2 41
130 2 40
131 2 40
132 2 40
133 2 40
134 2 40
135 2 40
136 2 40
137 2 40
138 2 40
139 2 40
140 2 39
141 2 39
142 2 39
143 2 39
144 2 39
145 2 39
146 2 39
147 2 39
148 2 39
149 2 39
150 2 38
151 2 38
152 2 38
153 2 38
154 2 38
155 2 38
156 2 38
157 2 38
158 2 38
159 2 38
160 2 37
161 2 37